1311875716.423316 1238 -4.01432 0.663 -2.81398 -0.0304852 0.888967 0.383052 0.249157
1311875716.4914351 1239 -3.99256 0.650573 -2.82397 -0.027387 0.885678 0.382864 0.261228
1311875715.6914639 1236 -4.27802 0.680134 -2.84403 -0.0253042 0.888371 0.400281 0.223456
1311875716.155256 1237 -4.10695 0.667786 -2.8539 -0.0137315 0.88463 0.41322 0.215617
1311875716.691386 1243 -3.9354 0.636258 -2.81203 -0.0302796 0.894821 0.337143 0.291055
1311875716.6553881 1242 -3.94403 0.643761 -2.80917 -0.0291025 0.893687 0.34414 0.286433
1311875716.5554249 1240 -3.97122 0.656196 -2.8103 -0.0258655 0.888681 0.36881 0.271213
1311875716.5914581 1241 -3.96336 0.642695 -2.81895 -0.0269224 0.889127 0.363421 0.276863
1311875716.8233659 1247 -3.89555 0.614408 -2.79853 -0.0308092 0.901714 0.299533 0.310229
1311875716.723336 1244 -3.92567 0.62759 -2.81432 -0.0300465 0.897268 0.326344 0.295815
1311875716.855474 1248 -3.88038 0.606697 -2.78861 -0.0309915 0.903185 0.287796 0.316971
1311875716.7553141 1245 -3.92096 0.631017 -2.80382 -0.0292636 0.899507 0.315501 0.300815
1311875716.791388 1246 -3.90545 0.626131 -2.79942 -0.0305286 0.900644 0.308537 0.304489
1311875716.955303 1251 -3.8537 0.591532 -2.78182 -0.0245971 0.903021 0.258519 0.342221
1311875716.923286 1250 -3.86769 0.590589 -2.78687 -0.0275411 0.902516 0.270567 0.333915
1311875717.1233859 1256 -3.82145 0.580766 -2.76132 -0.016771 0.900045 0.222125 0.374563
1311875717.091351 1255 -3.82972 0.582258 -2.76707 -0.0183777 0.901479 0.226269 0.368512
1311875717.2553389 1260 -3.78024 0.552952 -2.75629 -0.00658344 0.894807 0.203682 0.397229
1311875716.991256 1252 -3.85509 0.593921 -2.77785 -0.0221269 0.90252 0.249624 0.350223
1311875716.891376 1249 -3.86659 0.606309 -2.78196 -0.0297445 0.903462 0.278506 0.32451
1311875717.1913691 1258 -3.8049 0.564409 -2.75812 -0.00986406 0.897686 0.210682 0.386878
1311875717.35531 1263 -3.76849 0.554943 -2.74265 0.0030784 0.893674 0.190392 0.406309
1311875717.4554269 1266 -3.7439 0.540724 -2.7459 0.00775243 0.891326 0.178723 0.416576
1311875717.155407 1257 -3.80244 0.564188 -2.76203 -0.0145456 0.898798 0.217928 0.380076
1311875717.0233021 1253 -3.85062 0.593548 -2.77553 -0.0216002 0.901866 0.24279 0.356685
1311875717.2233901 1259 -3.80083 0.5692 -2.75437 -0.00793135 0.89619 0.205882 0.39293
1311875721.4551721 1284 -2.64757 0.369601 -2.55859 0.0192469 0.849688 0.216867 0.480238
1311875719.1554079 1273 -3.3035 0.347109 -2.81833 0.144495 0.90605 -0.0418896 0.395524
1311875717.3913591 1264 -3.75148 0.524309 -2.75814 0.00389083 0.892309 0.187944 0.410422
1311875717.323416 1262 -3.77938 0.563086 -2.73856 0.00358689 0.895547 0.189612 0.40253
1311875717.0552449 1254 -3.82626 0.585839 -2.77628 -0.0206604 0.901748 0.235724 0.361743
1311875717.4233799 1265 -3.75024 0.536413 -2.74699 0.00939646 0.892661 0.180487 0.412907
1311875717.4913681 1267 -3.72317 0.520158 -2.75805 0.00923251 0.890457 0.178435 0.418525
1311875721.2553689 1281 -2.69684 0.367763 -2.58916 0.0406766 0.858853 0.217354 0.462033
1311875721.4231639 1283 -2.65672 0.366445 -2.56066 0.0245141 0.851231 0.215024 0.478089
1311875717.291434 1261 -3.77401 0.550188 -2.75857 -0.00259376 0.89407 0.197185 0.402182
1311875718.855298 1272 -3.39598 0.394729 -2.86298 0.119989 0.919197 -0.0308716 0.3738
1311875720.091301 1276 -3.01285 0.332372 -2.72282 0.150923 0.850859 0.0204971 0.502834
1311875717.5233431 1268 -3.7223 0.506408 -2.75542 0.0176162 0.891868 0.170006 0.418758
1311875717.5552731 1269 -3.71143 0.526161 -2.74842 0.0217233 0.891444 0.164802 0.42154
1311875719.3913441 1274 -3.23386 0.349647 -2.77356 0.147776 0.890935 -0.0411597 0.427437
1311875718.423341 1271 -3.52174 0.438462 -2.85639 0.071053 0.918606 -0.00740538 0.388665
1311875718.12326 1270 -3.58002 0.474433 -2.83204 0.0643817 0.901713 0.0620892 0.422983
1311875719.7552891 1275 -3.11715 0.337916 -2.74677 0.136592 0.874426 -0.0269772 0.464752
1311875720.791275 1278 -2.81796 0.377123 -2.6586 0.0533172 0.862814 0.176381 0.470743
1311875721.823293 1292 -2.5246 0.378025 -2.54234 -0.00926003 0.82494 0.241789 0.510809
1311875721.691241 1289 -2.57329 0.380219 -2.5378 -0.00647801 0.833714 0.237705 0.498373
1311875721.5551691 1286 -2.61899 0.372349 -2.54346 0.00227278 0.843364 0.224641 0.488128
1311875721.591224 1287 -2.60453 0.37338 -2.54456 -0.000553191 0.841423 0.228253 0.489804
1311875721.6552839 1288 -2.58702 0.380796 -2.53191 -0.0033459 0.837152 0.233282 0.494716
1311875721.4913001 1285 -2.63758 0.36644 -2.55121 0.0126149 0.847951 0.219004 0.482553
1311875721.855197 1293 -2.51249 0.375484 -2.53815 -0.00726703 0.824009 0.2388 0.513742
1311875721.791254 1291 -2.54079 0.380984 -2.53798 -0.0095315 0.82684 0.241828 0.507704
1311875721.7553239 1290 -2.55222 0.384175 -2.53229 -0.00786764 0.829609 0.239955 0.504092
1311875723.523211 1299 -2.10226 0.290119 -2.62137 0.108957 0.807721 0.0493436 0.577305
1311875728.191097 1315 -1.02764 0.291841 -2.68869 0.108944 0.933512 0.00394201 0.341572
1311875727.559345 1313 -1.15986 0.236416 -2.77031 0.180702 0.849054 -0.0982779 0.486616
1311875726.923104 1310 -1.31926 0.155473 -2.71443 0.198999 0.759035 -0.0830868 0.614298
1311875727.323139 1312 -1.22398 0.167418 -2.80819 0.200212 0.81033 -0.0934703 0.542719
1311875726.691138 1309 -1.36474 0.156496 -2.71306 0.194143 0.731798 -0.0711298 0.6494
1311875726.4230649 1308 -1.40883 0.194209 -2.67776 0.203238 0.698162 -0.0483687 0.684781
1311875722.591311 1298 -2.31501 0.307903 -2.60914 0.0505361 0.790276 0.130235 0.596614
1311875721.923228 1295 -2.48559 0.370499 -2.54436 -0.00870561 0.819082 0.234323 0.523566
1311875721.8912981 1294 -2.50371 0.379573 -2.53717 -0.00798322 0.821716 0.236342 0.518518
1311875721.9912291 1297 -2.46555 0.369547 -2.54367 -0.00321266 0.814551 0.223977 0.535098
1311875724.159162 1301 -1.976 0.262962 -2.52518 0.155282 0.723981 0.0326531 0.671322
1311875721.955153 1296 -2.47352 0.369059 -2.5431 -0.00568303 0.817328 0.227944 0.529135
1311875724.4232149 1302 -1.94109 0.250344 -2.46049 0.177641 0.683236 0.0331505 0.707484
1311875723.8233011 1300 -2.01529 0.310651 -2.54897 0.153671 0.771962 0.0271382 0.616217
1311875725.123044 1305 -1.72471 0.351424 -2.61237 0.180697 0.641542 -0.0148102 0.745354
1311875724.6232319 1303 -1.88275 0.205734 -2.51765 0.185287 0.647075 0.0189452 0.739326
1311875725.623189 1306 -1.60507 0.271255 -2.66117 0.187067 0.685802 -0.0319303 0.702611
1311875729.659308 1318 -0.765225 0.29338 -2.66924 0.0298664 0.94756 0.178412 0.263453
1311875731.0591481 1321 -0.440365 0.181333 -2.342 0.0572503 0.842919 0.112675 0.522985
1311875731.4589679 1322 -0.4099 0.184226 -2.25345 0.083193 0.778377 0.0977933 0.614528
1311875727.7914701 1314 -1.1136 0.276662 -2.73591 0.154443 0.880876 -0.0621687 0.443102
1311875728.6230209 1316 -0.974619 0.314178 -2.71023 0.0849775 0.953445 0.083933 0.276904
1311875724.823204 1304 -1.83139 0.262477 -2.5407 0.190117 0.636965 -0.00587741 0.747058
1311875725.8590579 1307 -1.55122 0.273621 -2.62602 0.197032 0.694924 -0.0342361 0.690715
1311875729.159193 1317 -0.89565 0.305983 -2.721 0.0105671 0.972901 0.138338 0.184971
1311875727.159132 1311 -1.26937 0.146848 -2.76571 0.200101 0.786788 -0.0869705 0.577373
1311875734.127146 1331 -0.493623 0.0124741 -1.5816 0.133412 0.426171 0.0444725 0.893645
1311875734.326977 1332 -0.45952 -0.0137053 -1.5699 0.136483 0.45974 0.0102623 0.877443
1311875732.9591789 1327 -0.380145 0.0725049 -1.91664 0.130818 0.532309 0.0940748 0.831074
1311875733.4589419 1329 -0.48755 0.0738845 -1.74803 0.142873 0.464272 0.0869664 0.869756
1311875730.5910611 1320 -0.544265 0.243044 -2.50215 0.0295396 0.884851 0.169973 0.432753
1311875731.8927569 1323 -0.345799 0.14075 -2.1972 0.0899971 0.730616 0.0791476 0.672187
1311875734.558939 1333 -0.445309 -0.0337421 -1.54094 0.178666 0.488821 0.00488276 0.853878
1311875735.690974 1335 -0.300886 -0.03364 -1.19802 0.116375 0.582633 0.0389329 0.803418
1311875730.123245 1319 -0.654605 0.268595 -2.59696 0.0277091 0.923168 0.172919 0.342186
1311875732.726892 1326 -0.345474 0.0875909 -1.97693 0.125164 0.56992 0.087948 0.807335
1311875732.2591479 1324 -0.304978 0.084461 -2.11232 0.125368 0.673041 0.0868064 0.723715
1311875736.427068 1337 -0.381413 -0.0699034 -0.95004 0.0410712 0.493623 0.0753607 0.865431
1311875736.1910441 1336 -0.356927 -0.0624228 -1.01528 0.0649668 0.541529 0.065129 0.835634
1311875737.2270391 1340 -0.378781 -0.128552 -0.788195 0.143325 0.393784 0.0188216 0.907766
1311875736.7588949 1339 -0.365542 -0.107529 -0.89824 0.0699107 0.449009 0.0530789 0.889205
1311875732.4909799 1325 -0.321018 0.0819878 -2.03383 0.125749 0.622482 0.0743004 0.768884
1311875733.8272009 1330 -0.528427 0.0478349 -1.64992 0.122255 0.441801 0.0662816 0.886269
1311875736.558847 1338 -0.371181 -0.0897456 -0.931414 0.042957 0.473527 0.0725523 0.876734
1311875735.490968 1334 -0.352606 0.0324124 -1.26494 0.182601 0.601667 0.0426177 0.776426
1311875733.259068 1328 -0.4438 0.0577626 -1.82703 0.138559 0.494028 0.0862912 0.853986
1311875738.8912759 1347 -0.756051 -0.144013 -0.37636 -0.069315 0.109452 0.00170435 0.991571
1311875738.7269149 1346 -0.698711 -0.133299 -0.433021 -0.0389396 0.145397 0.00602804 0.988588
1311875737.4909501 1341 -0.413851 -0.111675 -0.726461 0.154655 0.346273 0.0126453 0.925212
1311875737.7589719 1342 -0.463936 -0.0999788 -0.689493 0.12548 0.28433 0.0192099 0.950285
1311875739.1588371 1349 -0.799328 -0.138335 -0.337987 -0.101637 0.0633998 -0.000901543 0.992799
1311875739.6937859 1354 -0.872915 -0.202597 -0.253994 -0.0573059 -0.0216804 -0.0119264 0.99805
1311875739.4588981 1352 -0.836928 -0.18693 -0.282075 -0.105819 0.0170094 -0.00850415 0.994204
1311875739.0588989 1348 -0.785037 -0.143533 -0.354849 -0.0884413 0.078611 -0.00182637 0.992973
1311875739.2941799 1351 -0.813291 -0.136196 -0.317192 -0.114602 0.0448895 -0.0033661 0.992391
1311875739.1949079 1350 -0.798135 -0.136067 -0.330761 -0.104665 0.0584685 -0.0011733 0.992787
1311875740.2608199 1358 -0.972784 -0.23477 -0.226547 -0.00624861 -0.0936693 -0.0179908 0.995421
1311875740.69487 1361 -1.04473 -0.254392 -0.202407 0.0530782 -0.0897278 -0.0190171 0.994369
1311875739.9588649 1356 -0.922231 -0.209887 -0.236053 -0.0212024 -0.0618708 -0.0192923 0.997672
1311875740.426914 1359 -0.985753 -0.238983 -0.206787 0.0147089 -0.100346 -0.0211751 0.994618
1311875741.1948979 1365 -1.19029 -0.265787 -0.198507 0.12256 -0.0832911 -0.0120281 0.988887
1311875741.9593749 1368 -1.26106 -0.233142 -0.166036 0.151993 0.00395587 -0.0447049 0.987362
1311875741.0592201 1364 -1.15602 -0.268571 -0.200386 0.108232 -0.0878006 -0.00939088 0.990196
1311875740.5589271 1360 -1.00502 -0.249786 -0.198638 0.0334775 -0.0922994 -0.0257067 0.994836
1311875742.295011 1369 -1.24759 -0.214177 -0.162606 0.12634 0.0640504 -0.0547397 0.988402
1311875742.8267009 1370 -1.22783 -0.172137 -0.156172 0.0468577 0.113104 -0.0571007 0.990834
1311875743.462677 1371 -1.24376 -0.118448 -0.149509 -0.0507737 0.0982072 -0.0462779 0.992792
1311875740.926934 1363 -1.12224 -0.273206 -0.201905 0.0861958 -0.0854506 -0.0110228 0.992546
1311875741.3269401 1366 -1.21333 -0.264563 -0.191244 0.138116 -0.0703823 -0.0205083 0.987699
1311875740.795696 1362 -1.07336 -0.262553 -0.201704 0.0659532 -0.0875665 -0.0161956 0.993841
1311875743.829787 1372 -1.24932 -0.154057 -0.154655 -0.0653481 0.08036 -0.037179 0.993926
1311875741.526824 1367 -1.24313 -0.284282 -0.201544 0.156261 -0.0630379 -0.0266778 0.985341
1311875605.2093649 225 -5.17138 -0.398596 3.03056 0.0980842 -0.468785 0.0391366 0.876977
1311875602.009362 206 -4.54522 -0.130337 2.83098 -0.166917 -0.00884536 -0.0123483 0.985854
1311875580.6379371 45 0.519004 -0.455724 0.253983 0.00570523 0.368774 0.0471317 0.928306
1311875572.5379829 4 0.036691 -0.0502966 0.00638013 0.0322757 0.0167672 -0.0374539 0.998636
1311875601.009671 202 -4.19237 -0.134498 2.70845 -0.226822 0.151964 0.0313655 0.961496
1311875601.2736771 203 -4.30079 -0.128698 2.74026 -0.214322 0.115231 0.024071 0.969643
1311875579.637928 41 0.666294 -0.476643 0.0841931 0.0515529 0.432389 0.0440483 0.899134
1311875572.4061611 1 0.00194667 0.00195477 -0.00453231 -0.000231177 -0.00344601 -0.00154446 0.999993
1311875573.0701399 14 0.574715 -0.127705 -0.106152 0.00372503 0.278689 0.00435368 0.960364
1311875573.0060079 13 0.547499 -0.0895278 -0.123064 0.00444704 0.226377 0.00293335 0.974025
1311875573.206145 16 0.659999 -0.146067 -0.162528 0.0334763 0.335733 -0.00926051 0.941317
1311875573.3379631 18 0.697868 -0.176791 -0.178109 0.0447506 0.387753 0.00673104 0.920652
1311875573.2699521 17 0.682639 -0.154649 -0.170353 0.0416553 0.365798 -0.00249138 0.929758
1311875579.3060241 40 0.703069 -0.504833 0.00299716 0.0805681 0.456353 0.0329525 0.885531
1311875579.105927 39 0.707499 -0.496047 -0.0401354 0.103188 0.464817 0.0222743 0.879091
1311875573.4061849 19 0.734839 -0.211694 -0.156155 0.0475829 0.416559 0.0172828 0.907698
1311875573.470113 20 0.744769 -0.237625 -0.155582 0.0530174 0.430483 0.0274214 0.900623
1311875573.5381229 21 0.76748 -0.265089 -0.157053 0.0588263 0.43889 0.0393173 0.89575
1311875573.638114 22 0.784023 -0.271862 -0.222632 0.0706784 0.440872 0.0431985 0.893739
1311875573.670125 23 0.792062 -0.287195 -0.232572 0.0741539 0.446297 0.0423274 0.890802
1311875573.737992 24 0.816732 -0.27718 -0.227744 0.0784956 0.46618 0.0338971 0.880548
1311875573.870096 25 0.850552 -0.323472 -0.187652 0.0785618 0.508811 0.049526 0.855854
1311875573.9381061 26 0.866563 -0.357734 -0.200372 0.0852245 0.518098 0.0526808 0.849433
1311875575.9380691 31 0.966925 -0.489925 -0.358443 0.174276 0.575953 0.0316684 0.798062
1311875576.1060531 32 0.986696 -0.479381 -0.374855 0.175454 0.586676 0.0208117 0.790312
1311875577.7740009 33 0.878032 -0.529197 -0.222568 0.171597 0.539856 0.0358436 0.823302
1311875577.9379051 34 0.857832 -0.545444 -0.221633 0.180408 0.541771 0.0215278 0.820655
1311875578.138128 35 0.801629 -0.534114 -0.186754 0.184573 0.531066 0.0111936 0.826908
1311875578.4059451 36 0.781094 -0.530204 -0.171761 0.173001 0.519292 -0.00130349 0.836901
1311875578.5380609 37 0.735878 -0.505204 -0.111706 0.170119 0.518146 -0.00742325 0.83817
1311875578.8380771 38 0.701907 -0.493096 -0.076781 0.141668 0.486263 0.0139511 0.862139
1311875580.274024 44 0.607186 -0.482578 0.181464 0.0150765 0.392332 0.0394641 0.918853
1311875579.8380239 42 0.660404 -0.485665 0.113337 0.0396578 0.422641 0.0458477 0.904267
1311875605.7774279 227 -5.15565 -0.42407 3.15812 0.118167 -0.409555 0.0485255 0.903298
1311875605.0415361 224 -5.15774 -0.395356 3.02739 0.0914089 -0.476967 0.0309462 0.873607
1311875611.2413559 246 -6.0543 -0.420649 4.04143 0.164261 0.405941 0.0241942 0.89869
1311875606.309305 228 -5.22165 -0.393229 3.2547 0.097117 -0.325833 0.0220417 0.940168
1311875606.5413661 229 -5.25217 -0.383111 3.29956 0.095835 -0.283409 0.00136487 0.954198
1311875607.0094349 230 -5.33846 -0.373291 3.41414 0.0698622 -0.193236 -0.0288431 0.978237
1311875597.20963 192 -3.27542 -0.222949 2.11708 -0.0538578 -0.041518 -0.00914476 0.997643
1311875602.1415751 210 -4.57196 -0.148051 2.85556 -0.168333 -0.058528 0.00619666 0.983972
1311875602.1737001 211 -4.58249 -0.151048 2.85754 -0.162936 -0.0659373 0.00402321 0.984423
1311875602.2109079 212 -4.58492 -0.156595 2.87049 -0.157424 -0.0714069 0.00241135 0.984943
1311875602.2415221 213 -4.58819 -0.160233 2.87109 -0.151278 -0.0765346 0.000986241 0.985523
1311875602.3414421 214 -4.6136 -0.170695 2.88635 -0.135665 -0.0893224 -0.00193483 0.986718
1311875598.4758141 195 -3.54742 -0.229229 2.34601 -0.0757264 0.00821164 -0.00315145 0.99709
1311875603.441469 218 -4.8557 -0.301208 2.82391 -0.0302393 -0.304298 -0.00186247 0.952095
1311875602.441582 215 -4.63582 -0.167401 2.89143 -0.122113 -0.105728 -0.00197648 0.986867
1311875603.778599 219 -4.96005 -0.299366 2.84687 0.00306613 -0.353369 0.00306452 0.935474
1311875604.041533 220 -5.033 -0.315763 2.85041 0.0133059 -0.392266 0.0029895 0.919751
1311875711.7553589 1197 -5.26731 0.562089 -2.53751 0.0679186 0.954064 0.198059 -0.214295
1311875605.641371 226 -5.18072 -0.443265 3.13784 0.11256 -0.431305 0.0516777 0.893664
1311875611.3772819 247 -6.04256 -0.450331 4.08113 0.180212 0.40893 0.0213648 0.89434
1311875596.1102531 188 -2.97551 -0.247791 1.96275 -0.0241395 0.0306811 -0.00916802 0.999196
1311875598.8097661 196 -3.64608 -0.227088 2.3781 -0.0658331 0.0351408 0.00330578 0.997206
1311875599.1117921 197 -3.72398 -0.209756 2.41256 -0.0783779 0.064975 -0.00222808 0.994802
1311875604.7415471 223 -5.10802 -0.377681 3.02013 0.0665792 -0.475186 0.0154148 0.877227
1311875599.412396 198 -3.78965 -0.194038 2.47092 -0.12251 0.0894261 -0.00805531 0.988397
1311875599.7127321 199 -3.84817 -0.181938 2.53974 -0.157657 0.116402 0.00554255 0.980594
1311875599.9770579 200 -3.90047 -0.170243 2.57522 -0.181087 0.150417 0.0323344 0.971358
1311875600.4122541 201 -3.99618 -0.151367 2.64124 -0.229762 0.155465 0.0224151 0.960488
1311875711.6233649 1194 -5.32553 0.57268 -2.51912 0.0620135 0.940934 0.210207 -0.258091
1311875711.5234671 1193 -5.36434 0.575439 -2.5098 0.0627521 0.935748 0.207408 -0.278245
1311875714.391417 1211 -4.64943 0.612812 -2.69125 0.0594174 0.937437 0.211503 0.270087
1311875612.4092851 251 -6.08401 -0.537439 4.35197 0.248919 0.478587 0.00834361 0.841976
1311875714.155308 1210 -4.72295 0.585124 -2.71946 0.0801768 0.939615 0.182631 0.278104
1311875613.277297 253 -6.13543 -0.579543 4.61163 0.223809 0.501227 0.00718291 0.835841
1311875711.687669 1195 -5.29244 0.566346 -2.52588 0.0648547 0.947417 0.204215 -0.23768
1311875714.423347 1212 -4.64195 0.586221 -2.71777 0.057165 0.934489 0.221877 0.272459
1311875714.5914099 1217 -4.59311 0.611396 -2.70179 0.048058 0.925035 0.244855 0.28644
1311875714.455447 1213 -4.63012 0.587186 -2.70575 0.0558234 0.933025 0.225131 0.275072
1311875607.477464 231 -5.37215 -0.376645 3.51306 0.0347487 -0.113125 -0.0382808 0.992235
1311875607.8094721 232 -5.42007 -0.355463 3.60358 0.00561674 -0.0472552 -0.0248624 0.998558
1311875608.14132 233 -5.50706 -0.310819 3.65271 0.00720682 0.0478061 0.0107589 0.998773
1311875608.4414501 234 -5.58282 -0.319339 3.69517 0.00821703 0.100778 0.0143647 0.994771
1311875610.9773991 245 -6.02504 -0.407986 3.99335 0.15808 0.38873 0.0386019 0.906868
1311875608.9094191 236 -5.63573 -0.358343 3.74366 0.0676425 0.164062 -0.00374492 0.984121
1311875711.7875049 1198 -5.26531 0.568482 -2.5275 0.0674831 0.957533 0.193435 -0.202877
1311875711.8234961 1199 -5.2593 0.576206 -2.52565 0.0647083 0.959063 0.193819 -0.196075
1311875711.8554511 1200 -5.25486 0.571734 -2.52841 0.0622968 0.960393 0.193648 -0.190432
1311875711.88748 1201 -5.23541 0.563775 -2.53115 0.0601329 0.961778 0.192613 -0.185114
1311875711.9553781 1203 -5.20279 0.539991 -2.55504 0.0584463 0.966939 0.185703 -0.164705
1311875714.4913831 1214 -4.61528 0.598126 -2.70253 0.052249 0.930786 0.230358 0.279001
1311875714.5235119 1215 -4.61223 0.594222 -2.70953 0.054445 0.928138 0.236992 0.281834
1311875714.555367 1216 -4.60317 0.602235 -2.71567 0.0505372 0.926398 0.240515 0.28528
1311875714.655314 1219 -4.57309 0.617433 -2.71634 0.0423369 0.921477 0.257615 0.287613
1311875714.6913431 1220 -4.56303 0.628648 -2.71575 0.0391125 0.920174 0.26256 0.287772
1311875714.955431 1228 -4.47372 0.654996 -2.73137 0.00653945 0.903543 0.319262 0.285725
1311875714.923357 1227 -4.48613 0.653501 -2.72186 0.00496917 0.906823 0.310508 0.285012
1311875714.7914259 1223 -4.53611 0.658804 -2.71727 0.0211723 0.915955 0.278686 0.287944
1311875714.7233491 1221 -4.55642 0.639984 -2.71695 0.0351913 0.919089 0.266306 0.288301
1311875714.7554331 1222 -4.54988 0.649016 -2.71744 0.0290017 0.917318 0.272203 0.289124
1311875714.8232889 1224 -4.53363 0.662921 -2.72192 0.0141313 0.913796 0.287997 0.286069
1311875714.855448 1225 -4.51422 0.650906 -2.72277 0.00842311 0.911624 0.297406 0.283585
1311875714.8915451 1226 -4.49722 0.646511 -2.72678 0.00503252 0.909121 0.304743 0.283909
1311875714.991466 1229 -4.46343 0.65224 -2.74157 0.00934841 0.901086 0.325834 0.285988
1311875715.0233991 1230 -4.45885 0.672916 -2.73248 0.00945634 0.900013 0.328498 0.286313
1311875715.055475 1231 -4.45687 0.683557 -2.73488 0.00555952 0.897335 0.336652 0.28535
1311875715.091413 1232 -4.44846 0.67083 -2.76318 0.00362396 0.893814 0.349249 0.281263
1311875715.123419 1233 -4.43571 0.66383 -2.77294 0.00248741 0.893486 0.354989 0.275064
1311875715.2233961 1234 -4.40559 0.657279 -2.80612 -0.000148146 0.893614 0.364992 0.261217
1311875711.7234581 1196 -5.28153 0.570232 -2.53223 0.0667604 0.950803 0.201338 -0.225788
1311875715.423368 1235 -4.33897 0.658503 -2.82751 -0.0179777 0.897079 0.374153 0.234385
1311875711.9234171 1202 -5.22814 0.562787 -2.54276 0.0585276 0.964143 0.189925 -0.175872
1311875712.3874941 1204 -5.16185 0.499214 -2.56715 0.0265902 0.992995 0.114771 -0.00903101
1311875713.1234021 1206 -5.03342 0.453678 -2.62703 0.090523 0.970562 0.0308926 0.221045
1311875713.423497 1207 -4.96785 0.497708 -2.6522 0.0946299 0.952719 0.0826715 0.276654
1311875713.6554661 1208 -4.89585 0.551576 -2.67312 0.0867519 0.944738 0.117383 0.293539
1311875713.891495 1209 -4.81997 0.567434 -2.69498 0.0891065 0.943254 0.156378 0.279065
1311875592.073611 127 -2.27141 -0.356449 1.49007 0.15227 -0.334862 0.0076085 0.929851
1311875586.505861 85 -1.02919 -0.316444 1.06663 -0.125052 -0.0879865 -0.0555858 0.986677
1311875586.641927 89 -1.06351 -0.312712 1.0899 -0.127137 -0.10268 -0.0635483 0.984507
1311875591.3736579 123 -2.21804 -0.264981 1.41232 0.048367 -0.39581 -0.0556826 0.915366
1311875590.6056759 121 -2.10102 -0.264304 1.34769 -0.00470178 -0.456149 -0.0592537 0.887916
1311875583.6377621 63 -0.183765 -0.50004 0.678785 0.100305 0.11241 0.0191107 0.988402
1311875572.705956 7 0.111853 -0.0780852 -0.0613706 0.0457081 0.0754867 -0.0540405 0.994632
1311875586.305855 81 -0.97433 -0.316397 1.02764 -0.118089 -0.0634064 -0.0490523 0.989762
1311875586.7738249 93 -1.09665 -0.299992 1.1066 -0.133686 -0.11355 -0.0711853 0.98192
1311875591.541914 124 -2.22386 -0.285004 1.43108 0.0686513 -0.378358 -0.043639 0.922078
1311875583.337934 61 -0.158934 -0.495853 0.6523 0.0772666 0.100129 0.021968 0.991727
1311875591.205909 122 -2.21133 -0.243559 1.40608 0.023825 -0.406978 -0.0694699 0.910481
1311875572.7380409 8 0.119899 -0.0688859 -0.0672832 0.0331469 0.0879336 -0.0412607 0.994719
1311875586.47385 84 -1.01875 -0.315531 1.06346 -0.124604 -0.0844759 -0.0543357 0.98711
1311875584.305866 67 -0.33051 -0.467684 0.758529 0.0882188 0.0663586 -0.00736032 0.993861
1311875604.409436 221 -5.10898 -0.378322 2.90673 0.0270823 -0.444391 0.0064256 0.895401
1311875588.105855 99 -1.56401 -0.26082 1.17795 -0.125653 -0.205141 -0.0612653 0.968698
1311875587.0737829 94 -1.16754 -0.287822 1.14448 -0.150483 -0.125575 -0.0854625 0.976874
1311875587.405762 95 -1.26494 -0.273509 1.17708 -0.151415 -0.118767 -0.0711821 0.978724
1311875587.5736649 96 -1.32665 -0.270828 1.18277 -0.150987 -0.125079 -0.0583106 0.978855
1311875587.741719 97 -1.41035 -0.280199 1.17914 -0.145381 -0.140131 -0.0515845 0.978042
1311875587.905812 98 -1.48794 -0.259911 1.16991 -0.133293 -0.168173 -0.0537866 0.975222
1311875586.573945 87 -1.04975 -0.312845 1.07585 -0.125929 -0.0953855 -0.0592482 0.985664
1311875583.8376689 64 -0.204081 -0.497449 0.70196 0.107142 0.10854 0.00975735 0.988253
1311875584.005909 65 -0.246832 -0.488678 0.726532 0.100331 0.0969782 0.000889802 0.990216
1311875586.673815 90 -1.07288 -0.306257 1.0907 -0.127825 -0.104877 -0.0654292 0.984063
1311875592.3416989 128 -2.28797 -0.395004 1.46015 0.18114 -0.320178 0.0128005 0.92979
1311875592.8059111 129 -2.30155 -0.406584 1.51178 0.177514 -0.251422 0.0129198 0.951372
1311875593.3737271 132 -2.34561 -0.401382 1.59621 0.145259 -0.140236 -0.0199849 0.979201
1311875594.2096801 142 -2.55734 -0.329314 1.73324 0.0620685 -0.0123067 -0.0305432 0.997528
1311875594.2416451 143 -2.56319 -0.327952 1.73966 0.0602349 -0.00994948 -0.0306497 0.997664
1311875594.373647 147 -2.58667 -0.339081 1.76416 0.0587674 0.00124269 -0.030617 0.997801
1311875595.241797 173 -2.67794 -0.319451 1.85984 0.0282301 0.127071 -0.0173044 0.991341
1311875595.4097919 178 -2.72197 -0.28841 1.87219 0.0139015 0.121527 -0.0226864 0.992231
1311875595.3097279 175 -2.69162 -0.305337 1.862 0.0264565 0.127407 -0.022436 0.991244
1311875595.341614 176 -2.70373 -0.298726 1.86886 0.0209058 0.127843 -0.0230397 0.991306
1311875595.37362 177 -2.71022 -0.309429 1.878 0.0163233 0.12545 -0.0230119 0.991699
1311875595.4417689 179 -2.73768 -0.279345 1.87942 0.00672983 0.117495 -0.0195753 0.992858
1311875595.4736371 180 -2.74111 -0.286404 1.88716 -0.00152061 0.110444 -0.0151693 0.993765
1311875595.510674 181 -2.75066 -0.28549 1.8929 -0.0067354 0.10333 -0.0107369 0.994566
1311875595.5736189 182 -2.75245 -0.296731 1.90378 -0.0181457 0.0905532 -0.00784826 0.995695
1311875595.6737299 183 -2.79195 -0.279877 1.91293 -0.0202835 0.0811497 -0.00936778 0.996451
1311875595.741569 184 -2.82792 -0.263312 1.91786 -0.0216243 0.0745125 -0.00785642 0.996955
1311875595.8095679 185 -2.8507 -0.266546 1.93246 -0.0270449 0.0664861 -0.00687517 0.997397
1311875595.909579 186 -2.89299 -0.264024 1.94374 -0.0249857 0.0535587 -0.00965091 0.998205
1311875595.9416101 187 -2.90818 -0.260223 1.9458 -0.0250679 0.0493266 -0.0103683 0.998414
1311875610.7413969 244 -6.00702 -0.394074 3.96578 0.145381 0.375572 0.0343119 0.914676
1311875609.509259 239 -5.75768 -0.391246 3.82766 0.11117 0.223499 0.0288991 0.967912
1311875601.5415919 204 -4.38856 -0.122782 2.76756 -0.191827 0.0834431 0.00629516 0.977855
1311875597.541719 193 -3.35319 -0.229694 2.19548 -0.0588056 -0.0390529 -0.013418 0.997415
1311875602.109576 209 -4.57258 -0.14346 2.84447 -0.171601 -0.0494866 0.00413798 0.983914
1311875582.138067 53 0.13364 -0.456114 0.413377 -0.0228604 0.177854 0.0288417 0.983368
1311875581.1379371 48 0.389818 -0.449389 0.299841 -0.014654 0.307877 0.0480351 0.9501
1311875581.305918 49 0.357383 -0.471652 0.319734 -0.0227064 0.292719 0.0443162 0.954901
1311875581.973742 52 0.169489 -0.453859 0.396669 -0.0219165 0.20173 0.0295567 0.97875
1311875582.6738861 56 0.0238912 -0.471309 0.480838 0.0117633 0.126086 0.0323769 0.991421
1311875584.437763 68 -0.378871 -0.451075 0.784307 0.0747686 0.0559944 -0.0130051 0.995543
1311875584.5738821 69 -0.423292 -0.435571 0.789284 0.0518152 0.0458765 -0.00714911 0.997577
1311875584.9057469 71 -0.527602 -0.431726 0.843818 0.0108025 0.0379675 -0.020315 0.999014
1311875585.373853 74 -0.719571 -0.359449 0.887499 -0.0369251 0.0142431 -0.0357681 0.998576
1311875585.5417409 75 -0.774057 -0.354103 0.909992 -0.0564293 -0.000635515 -0.0424506 0.997504
1311875585.6738451 76 -0.803289 -0.325767 0.922527 -0.0669433 -0.0102838 -0.0481793 0.99654
1311875585.8058629 77 -0.831287 -0.32372 0.94395 -0.0805936 -0.0177408 -0.0521117 0.995226
1311875586.141892 80 -0.920324 -0.311245 0.999501 -0.100291 -0.0404276 -0.0515952 0.992797
1311875586.4418001 83 -1.01109 -0.315018 1.05724 -0.123412 -0.0805082 -0.0532983 0.987647
1311875586.005852 78 -0.881799 -0.321231 0.977744 -0.0939418 -0.0320792 -0.0538267 0.993604
1311875586.0737619 79 -0.897979 -0.315772 0.993615 -0.0975104 -0.0371741 -0.0533079 0.99311
1311875572.4701419 3 0.0388174 -0.0385165 0.00824108 0.0159416 -0.00184641 -0.0204427 0.999662
1311875580.073792 43 0.633273 -0.482524 0.15824 0.0268839 0.412215 0.0442476 0.909614
1311875572.938139 12 0.439928 -0.10999 -0.0894294 0.00530623 0.18443 -0.00241528 0.982828
1311875572.8700969 11 0.393115 -0.115424 -0.0678872 -0.00335914 0.132302 0.00183488 0.991202
1311875572.8380721 10 0.302256 -0.0902928 -0.0588363 -0.000301305 0.11577 -0.00345496 0.99327
1311875572.806149 9 0.174402 -0.0754592 -0.0827832 0.00638179 0.108623 -0.015126 0.993947
1311875572.4380629 2 0.0278981 -0.0298467 -0.000737422 0.00441018 -0.00724516 -0.0122322 0.999889
1311875588.205832 100 -1.59539 -0.251347 1.17734 -0.115913 -0.22319 -0.060485 0.965967
1311875588.373708 102 -1.64427 -0.256517 1.18945 -0.105166 -0.248473 -0.0616294 0.960939
1311875588.2736349 101 -1.61665 -0.250255 1.17957 -0.110394 -0.234289 -0.0604761 0.963984
1311875588.4416299 103 -1.65931 -0.24999 1.19122 -0.100795 -0.256842 -0.0629936 0.959116
1311875584.1739049 66 -0.290934 -0.47995 0.749606 0.101682 0.0851597 -0.0071062 0.99114
1311875589.5736899 116 -1.88182 -0.309295 1.32345 -0.0132725 -0.376226 -0.0372697 0.925683
1311875588.4737811 104 -1.66874 -0.253405 1.19675 -0.100068 -0.260047 -0.0621545 0.958383
1311875588.5057011 105 -1.67823 -0.254378 1.19748 -0.0975859 -0.26394 -0.061969 0.957587
1311875588.541846 106 -1.68732 -0.253849 1.20283 -0.0962737 -0.267653 -0.0615376 0.956716
1311875588.573756 107 -1.69419 -0.254413 1.20911 -0.0932989 -0.272644 -0.0621965 0.955559
1311875588.605762 108 -1.69938 -0.248182 1.21099 -0.0911927 -0.275692 -0.0615405 0.95493
1311875588.6737001 109 -1.71634 -0.258943 1.23227 -0.0877738 -0.279587 -0.0611866 0.95414
1311875588.7057779 110 -1.71825 -0.252618 1.23256 -0.0844807 -0.281811 -0.0615823 0.953757
1311875588.9056959 111 -1.75925 -0.275619 1.27021 -0.073578 -0.290536 -0.0535813 0.952525
1311875588.9417889 112 -1.76273 -0.275408 1.27667 -0.0718014 -0.29252 -0.0519014 0.952146
1311875589.105721 113 -1.79917 -0.299234 1.30563 -0.0602599 -0.305429 -0.0459695 0.949194
1311875589.2736781 114 -1.82555 -0.298881 1.31516 -0.0435753 -0.326226 -0.0424719 0.943331
1311875589.7417819 117 -1.90133 -0.303616 1.31372 -0.00109625 -0.407392 -0.0265135 0.912868
1311875589.8735931 118 -1.91623 -0.290269 1.30849 -0.00225445 -0.425457 -0.0240245 0.904657
1311875590.041775 119 -1.93949 -0.275253 1.30318 -0.000788223 -0.446839 -0.0296303 0.894123
1311875604.5774889 222 -5.09529 -0.374857 3.01402 0.0432482 -0.464302 0.0107375 0.884555
1311875582.3058929 54 0.10064 -0.455706 0.432141 -0.0228414 0.158997 0.0391381 0.986239
1311875582.4378071 55 0.0813465 -0.469602 0.449078 -0.0125682 0.145215 0.0388498 0.988557
1311875582.805845 57 0.00220967 -0.467384 0.505507 0.0231612 0.117762 0.026803 0.99241
1311875582.9738309 58 -0.0342171 -0.484603 0.548016 0.0344194 0.111652 0.0257748 0.992817
1311875596.3095479 189 -3.04562 -0.244546 1.9717 -0.031608 0.0160954 -0.00700389 0.999346
1311875596.5756631 190 -3.12544 -0.233057 1.98732 -0.0438719 -0.00847963 -0.00220205 0.998999
1311875602.04146 207 -4.56066 -0.132659 2.8295 -0.168917 -0.0230715 -0.00605855 0.985342
1311875598.0741341 194 -3.45409 -0.239941 2.29206 -0.0724886 -0.0266841 -0.0131575 0.996925
1311875602.0734529 208 -4.56267 -0.13136 2.83869 -0.171605 -0.0373529 -0.000188576 0.984457
1311875601.7735391 205 -4.45592 -0.125458 2.80956 -0.177148 0.0538011 -0.00999297 0.982662
1311875586.7416611 92 -1.09457 -0.304735 1.09991 -0.13183 -0.109753 -0.0694481 0.982727
1311875583.473901 62 -0.169793 -0.495044 0.673968 0.0885945 0.103568 0.0228458 0.990405
1311875586.705775 91 -1.08138 -0.306728 1.0976 -0.130371 -0.107468 -0.0671487 0.983334
1311875586.6058791 88 -1.05827 -0.31361 1.08537 -0.127276 -0.0989649 -0.0612518 0.985015
1311875583.237952 60 -0.151451 -0.488664 0.638059 0.0636161 0.104546 0.021107 0.992259
1311875614.5772591 260 -5.93114 -0.582998 4.94442 0.140411 0.52924 0.0619835 0.834475
1311875614.6093359 261 -5.92327 -0.585582 4.95024 0.136327 0.52999 0.0667135 0.834311
1311875614.745404 265 -5.89706 -0.585126 4.99217 0.123931 0.539835 0.0778759 0.828948
1311875614.8094971 267 -5.89228 -0.583279 5.01649 0.119343 0.544748 0.0773878 0.826449
1311875614.877188 269 -5.88404 -0.587844 5.04233 0.11284 0.546591 0.0805491 0.825843
1311875614.945343 270 -5.87765 -0.577327 5.06137 0.106573 0.547541 0.0773148 0.826355
1311875614.9772301 271 -5.87366 -0.584335 5.07764 0.101522 0.548312 0.0799193 0.826232
1311875615.0092731 272 -5.86716 -0.586153 5.08082 0.099196 0.548093 0.0787624 0.826771
1311875615.04526 273 -5.86886 -0.570061 5.09104 0.097916 0.54874 0.0802567 0.826351
1311875615.109314 274 -5.85313 -0.585637 5.11524 0.0877482 0.548736 0.0798722 0.827532
1311875615.245368 275 -5.84176 -0.566346 5.14867 0.0701305 0.548399 0.082906 0.829136
1311875615.509305 276 -5.78504 -0.583619 5.20629 0.0533468 0.553217 0.0867718 0.826786
1311875615.6453061 277 -5.74906 -0.599027 5.2338 0.0594199 0.556524 0.0806736 0.824768
1311875615.7093401 278 -5.74202 -0.608761 5.23867 0.0683828 0.558046 0.0756908 0.823516
1311875615.8093331 279 -5.71753 -0.622639 5.25335 0.0822775 0.559839 0.064541 0.821976
1311875616.1092031 283 -5.65957 -0.669851 5.30485 0.112986 0.557531 0.0392207 0.821496
1311875616.145273 284 -5.66283 -0.668249 5.30458 0.115076 0.557095 0.0365235 0.821626
1311875616.1771109 285 -5.65228 -0.673832 5.312 0.11623 0.557446 0.0350164 0.821291
1311875616.245291 287 -5.64878 -0.678006 5.31889 0.121319 0.558592 0.0348654 0.819781
1311875616.445209 290 -5.62226 -0.69383 5.34848 0.137186 0.563043 0.0288297 0.814451
1311875616.47735 291 -5.61692 -0.700678 5.35542 0.139058 0.563894 0.0296854 0.813514
1311875616.5094221 292 -5.61381 -0.703566 5.36209 0.142272 0.564257 0.0294249 0.812716
1311875616.6091349 294 -5.60693 -0.715143 5.38188 0.151426 0.567024 0.0257197 0.809254
1311875616.7091949 297 -5.60179 -0.71751 5.40605 0.162107 0.568458 0.0194167 0.80635
1311875616.745142 298 -5.60114 -0.722377 5.41684 0.164904 0.568279 0.0198082 0.805899
1311875616.7772009 299 -5.60025 -0.731614 5.42263 0.168354 0.566928 0.0202816 0.806126
1311875616.8453431 301 -5.60374 -0.73218 5.43406 0.17417 0.567454 0.0182588 0.804567
1311875616.9772561 304 -5.60081 -0.756722 5.47872 0.183516 0.562917 0.0130664 0.805777
1311875617.045228 306 -5.61121 -0.762235 5.49383 0.187025 0.559091 0.0104351 0.807669
1311875617.077214 307 -5.61091 -0.765514 5.50007 0.189092 0.555956 0.00739625 0.809384
1311875617.109169 308 -5.61384 -0.762571 5.50868 0.190645 0.55295 0.00525449 0.811094
1311875617.209167 310 -5.61156 -0.770859 5.53173 0.193671 0.545813 0.00178055 0.815216
1311875617.477154 312 -5.61617 -0.791583 5.6006 0.201394 0.51609 0.00383287 0.832512
1311875618.009136 314 -5.62749 -0.833623 5.71746 0.209178 0.435567 -0.00192342 0.875512
1311875618.8451719 316 -5.71148 -0.879903 5.84122 0.169783 0.32564 -0.00283971 0.93012
1311875619.2451179 317 -5.78524 -0.921685 5.89089 0.146643 0.288897 0.0141686 0.945957
1311875619.409127 318 -5.81081 -0.972639 5.91968 0.133419 0.271621 0.0142405 0.953005
1311875619.6090569 321 -5.85357 -0.986706 5.95161 0.111854 0.246594 0.0167485 0.962496
1311875619.645139 322 -5.8481 -1.01402 5.96186 0.108121 0.243207 0.0176998 0.963767
1311875619.7092681 323 -5.85694 -0.995646 5.96681 0.100503 0.239157 0.0158213 0.965636
1311875619.7770381 325 -5.85325 -1.02808 5.98043 0.097662 0.239061 0.0115154 0.966012
1311875619.945117 329 -5.88412 -1.05286 6.00072 0.0876113 0.241814 0.011644 0.966289
1311875620.009063 330 -5.89733 -1.07123 6.00805 0.0829025 0.236987 0.0136447 0.967873
1311875620.145226 333 -5.91174 -1.09122 6.01772 0.0744294 0.222265 0.0151297 0.972023
1311875620.3091011 338 -5.93679 -1.12016 6.0348 0.0743748 0.221247 0.0118502 0.972305
1311875620.6091199 347 -5.96898 -1.1765 6.06583 0.0720748 0.221821 -0.00143755 0.972419
1311875620.677146 349 -5.97775 -1.17306 6.07422 0.0714574 0.222454 -0.00270538 0.972317
1311875621.0770321 361 -6.00412 -1.26508 6.12806 0.0356936 0.198304 0.00835002 0.979455
1311875621.5772021 376 -6.04535 -1.34399 6.20009 0.00780631 0.204765 0.0126034 0.978699
1311875621.6090729 377 -6.04368 -1.35343 6.19874 0.00719896 0.207399 0.0118053 0.978159
1311875622.045188 390 -6.10847 -1.39508 6.24304 -0.0188883 0.202071 0.0311579 0.978693
1311875622.07706 391 -6.10853 -1.40086 6.24522 -0.0191416 0.200196 0.0332983 0.979003
1311875622.313127 398 -6.1332 -1.4166 6.26646 -0.0304451 0.199964 0.0465712 0.978222
1311875622.377136 400 -6.15032 -1.42432 6.27363 -0.0317011 0.201375 0.0456401 0.977937
1311875622.413146 401 -6.16038 -1.42578 6.27772 -0.0314512 0.20436 0.0469047 0.977265
1311875622.5451219 404 -6.19879 -1.4303 6.28113 -0.0350758 0.200025 0.0446256 0.978145
1311875622.677058 408 -6.24148 -1.42456 6.29019 -0.0374146 0.198769 0.0416634 0.978445
1311875622.745285 409 -6.26142 -1.42149 6.29562 -0.0415836 0.199747 0.0384034 0.978211
1311875622.7771239 410 -6.27342 -1.4167 6.29881 -0.0425501 0.201744 0.0376137 0.97779
1311875623.777246 431 -6.52742 -1.45347 6.37526 -0.0523398 0.118802 0.0156536 0.991414
1311875623.977345 435 -6.54921 -1.46753 6.4174 -0.0597252 0.0809746 0.0191718 0.99474
1311875624.0451169 437 -6.55906 -1.46342 6.43575 -0.0591609 0.0716524 0.020842 0.995455
1311875624.413208 446 -6.6287 -1.44952 6.50661 -0.0760714 0.0394802 0.0117872 0.996251
1311875624.5771329 447 -6.67246 -1.4467 6.52865 -0.0913264 0.0309008 0.00520133 0.995328
1311875624.677207 448 -6.69683 -1.43604 6.55124 -0.100988 0.0149534 0.00243648 0.994772
1311875625.0130739 449 -6.75396 -1.44212 6.61321 -0.109123 -0.000379301 -0.00620769 0.994009
1311875625.177048 450 -6.78173 -1.44694 6.64238 -0.111195 -0.0101586 0.000406288 0.993747
1311875625.576983 451 -6.87511 -1.43824 6.67006 -0.0856135 -0.0211798 0.0102343 0.996051
1311875625.9451411 452 -7.00399 -1.41676 6.73625 -0.0852092 -0.105405 -0.0137255 0.990677
1311875626.5450981 454 -7.14123 -1.37069 6.87982 -0.0745788 -0.240573 -0.0311721 0.967259
1311875626.8771541 455 -7.22678 -1.37363 6.95016 -0.0632181 -0.287987 -0.0547376 0.953976
1311875627.1130569 456 -7.24723 -1.34689 6.99848 -0.0606363 -0.329604 -0.0686811 0.939663
1311875627.3449531 457 -7.32455 -1.34346 7.03284 -0.0502006 -0.342811 -0.0780098 0.934813
1311875627.713084 458 -7.42556 -1.35537 7.09906 -0.0368826 -0.336565 -0.0875873 0.936852
1311875629.14504 466 -7.62812 -1.35698 7.47061 0.022557 -0.190959 -0.0413232 0.980468
1311875629.2130859 467 -7.64801 -1.36099 7.48278 0.027651 -0.189601 -0.0393481 0.980683
1311875629.3130159 468 -7.66437 -1.34115 7.51059 0.0324643 -0.196489 -0.0275517 0.979581
1311875629.6129849 475 -7.72707 -1.36472 7.59 0.0636409 -0.211237 -0.00206428 0.975359
1311875629.6768739 477 -7.68257 -1.35382 7.60233 0.068169 -0.212848 -0.00208634 0.974702
1311875629.7770269 479 -7.72967 -1.34939 7.6381 0.0915422 -0.200153 -0.00740943 0.975451
1311875629.8455031 480 -7.75562 -1.3539 7.6538 0.094046 -0.199224 -0.00472087 0.975419
1311875629.9131191 482 -7.78553 -1.33416 7.67506 0.102385 -0.200687 0.00628319 0.97427
1311875629.945091 483 -7.78508 -1.32608 7.68278 0.106178 -0.206424 0.0124535 0.972605
1311875629.977016 484 -7.78298 -1.32703 7.68627 0.103094 -0.212141 0.0179786 0.97162
1311875630.0129039 485 -7.78958 -1.34838 7.68994 0.100246 -0.215267 0.0222268 0.971142
1311875630.0770421 487 -7.78132 -1.34537 7.70195 0.10825 -0.216186 0.0217577 0.970089
1311875630.112952 488 -7.79876 -1.36184 7.71495 0.107602 -0.213104 0.0177555 0.970924
1311875630.1450479 489 -7.7916 -1.35819 7.7182 0.111863 -0.211033 0.0191945 0.970867
1311875630.345053 495 -7.86589 -1.41177 7.76435 0.136621 -0.180313 -0.00771613 0.974044
1311875630.377039 496 -7.81934 -1.37395 7.7687 0.147885 -0.176698 -0.00355335 0.973085
1311875630.4449589 497 -7.854 -1.38556 7.79096 0.153646 -0.165341 2.42344e-06 0.974195
1311875630.477015 498 -7.82507 -1.38278 7.7929 0.15667 -0.165065 0.00219968 0.973757
1311875630.545121 499 -7.83852 -1.40243 7.80793 0.165069 -0.153984 0.00322336 0.974182
1311875630.713093 500 -7.8278 -1.38947 7.78558 0.188065 -0.124713 -0.00335733 0.974201
1311875630.8809731 501 -7.95477 -1.45678 7.82819 0.19342 -0.0950761 -0.0271131 0.976122
1311875630.9809151 502 -7.94397 -1.46726 7.85328 0.195446 -0.076474 -0.0331329 0.977167
1311875631.0808079 503 -7.93381 -1.46472 7.87124 0.195484 -0.0521936 -0.030171 0.978852
1311875631.245008 504 -7.92928 -1.50043 7.90707 0.190551 -0.0158497 -0.0378721 0.980818
1311875631.6810341 506 -7.94393 -1.53919 7.93841 0.177433 0.0900054 -0.0396887 0.979204
1311875632.112941 507 -8.01166 -1.61542 8.03362 0.186177 0.263658 -0.0154627 0.946353
1311875632.5131919 508 -8.01855 -1.67419 8.12989 0.170725 0.340801 -0.0061323 0.924484
1311875634.44484 519 -7.9177 -1.6579 8.44657 0.0837562 0.60385 0.0581134 0.790552
1311875634.5461271 522 -7.91087 -1.65028 8.46156 0.073917 0.607578 0.0625232 0.788338
1311875634.581085 523 -7.91393 -1.64655 8.46198 0.0726259 0.60683 0.0620825 0.789068
1311875634.8447771 531 -7.9163 -1.60908 8.4824 0.0419557 0.607248 0.0760407 0.789752
1311875634.8810129 532 -7.91449 -1.60452 8.49027 0.0367654 0.608785 0.0793511 0.7885
1311875634.914664 533 -7.90584 -1.60356 8.49319 0.0310216 0.61171 0.0827055 0.786135
1311875635.0457959 537 -7.89823 -1.58522 8.49943 0.0143059 0.607985 0.0933452 0.788312
1311875635.081759 538 -7.90217 -1.58088 8.50262 0.0101953 0.606769 0.0930964 0.789342
1311875635.1141469 539 -7.89896 -1.57456 8.50705 0.00562496 0.607255 0.0941829 0.788885
1311875635.146641 540 -7.8938 -1.57502 8.50782 0.000832587 0.60645 0.098446 0.789003
1311875635.2145419 541 -7.89537 -1.56228 8.51506 -0.00860018 0.602799 0.100688 0.791468
1311875635.413105 542 -7.89944 -1.55241 8.5493 -0.0295838 0.583893 0.10704 0.804199
1311875635.445302 543 -7.89721 -1.55005 8.56831 -0.0332033 0.577774 0.105807 0.808628
1311875635.481437 544 -7.90854 -1.55086 8.56686 -0.0352841 0.573373 0.107756 0.81141
1311875635.5481241 545 -7.90925 -1.54794 8.56892 -0.0405804 0.560659 0.107099 0.820088
1311875635.6137891 546 -7.91217 -1.55088 8.57597 -0.0361707 0.552067 0.101582 0.826798
1311875635.7141659 548 -7.92225 -1.55754 8.59114 -0.0309227 0.536584 0.100222 0.837303
1311875635.781867 549 -7.9235 -1.55619 8.59401 -0.0278107 0.526737 0.0964693 0.844079
1311875635.81409 550 -7.92615 -1.55766 8.59459 -0.0244543 0.519876 0.0932907 0.84878
1311875635.8484941 551 -7.93006 -1.56034 8.60216 -0.0193475 0.517866 0.0867567 0.850831
1311875635.914835 553 -7.91835 -1.56524 8.60623 -0.01009 0.509886 0.0832788 0.856142
1311875635.9455931 554 -7.92987 -1.56608 8.60537 7.23492e-05 0.503348 0.0771097 0.860636
1311875636.045979 557 -7.94732 -1.57527 8.60509 0.0199548 0.487343 0.0675431 0.870366
1311875636.0831261 558 -7.94535 -1.58318 8.61232 0.0276444 0.479474 0.0651285 0.874699
1311875636.113126 559 -7.9462 -1.59028 8.61389 0.0384339 0.471461 0.0596794 0.879025
1311875636.14519 560 -7.94175 -1.59203 8.61338 0.0462881 0.465744 0.0551837 0.881984
1311875636.1825061 561 -7.94166 -1.60021 8.61433 0.055471 0.462311 0.0500981 0.883562
1311875636.213954 562 -7.94597 -1.5998 8.61016 0.0626019 0.456845 0.0472602 0.886081
1311875636.2449269 563 -7.95561 -1.60652 8.61034 0.0715168 0.448518 0.0448573 0.889778
1311875636.344965 564 -7.9713 -1.62013 8.61337 0.0915968 0.426612 0.0398729 0.898901
1311875637.0448329 566 -8.00661 -1.75066 8.50248 0.165727 0.247528 0.0354889 0.953942
1311875637.280885 567 -8.05297 -1.755 8.47357 0.176017 0.182873 0.0264545 0.96689
1311875637.5127931 568 -8.06137 -1.72034 8.44505 0.172105 0.133465 0.0251041 0.975673
1311875637.684032 569 -8.06324 -1.72426 8.43624 0.166485 0.10299 0.0112787 0.980586
1311875637.8451381 570 -8.05689 -1.71836 8.42348 0.158639 0.0767341 -0.00111022 0.98435
1311875638.3807371 572 -8.04355 -1.69369 8.42271 0.152507 0.0227974 -0.0201913 0.987833
1311875639.1806719 575 -7.97118 -1.59332 8.45248 0.0490405 0.00942639 -0.0788532 0.995635
1311875639.8128951 577 -7.93403 -1.5575 8.62544 0.0324899 -0.00995658 -0.0897214 0.995387
1311875639.8448379 578 -7.92904 -1.54189 8.63659 0.0289207 -0.0242924 -0.084432 0.995713
1311875639.8808341 579 -7.93243 -1.54317 8.66515 0.026281 -0.0396608 -0.0882442 0.994962
1311875639.9808569 581 -7.93172 -1.55971 8.68571 0.0216947 -0.0711552 -0.0975084 0.992451
1311875640.1128371 585 -7.92637 -1.53907 8.71295 0.0113961 -0.107495 -0.100419 0.989056
1311875640.1807661 586 -7.94074 -1.54814 8.73695 0.00301357 -0.12203 -0.102617 0.987203
1311875640.5128 588 -7.90404 -1.5123 8.81289 -0.0112896 -0.179657 -0.0939621 0.979166
1311875640.812855 589 -7.84055 -1.52147 8.89947 -0.0311935 -0.267413 -0.0910885 0.95876
1311875641.0808079 590 -7.78007 -1.53971 8.94601 -0.0551914 -0.319831 -0.0763602 0.942778
1311875641.580811 591 -7.71968 -1.53185 9.05471 -0.0525756 -0.367859 -0.0732365 0.925501
1311875641.912786 592 -7.68471 -1.57236 9.1512 -0.055176 -0.416131 -0.0900684 0.903149
1311875642.448766 593 -7.58429 -1.61372 9.31176 -0.0800728 -0.4645 -0.10162 0.876071
1311875642.7488301 594 -7.56706 -1.7384 9.38083 -0.105184 -0.498225 -0.157731 0.846067
1311875642.980814 595 -7.47348 -1.75727 9.429 -0.107244 -0.53779 -0.139881 0.824447
1311875643.180685 596 -7.46804 -1.82044 9.48924 -0.115502 -0.567351 -0.160978 0.799286
1311875643.412703 597 -7.47517 -1.84398 9.57845 -0.103841 -0.617386 -0.148397 0.765526
1311875643.6808 598 -7.53429 -1.92747 9.65276 -0.051038 -0.640625 -0.12291 0.756233
1311875643.880785 599 -7.584 -1.97808 9.69542 0.00441182 -0.664549 -0.044349 0.745914
1311875643.912787 600 -7.5508 -1.97702 9.70519 0.00997399 -0.668417 -0.0325203 0.743008
1311875644.0128989 601 -7.57876 -1.97871 9.73802 0.0324406 -0.677915 0.00411628 0.734413
1311875644.14869 603 -7.53936 -1.99135 9.76994 0.0493922 -0.689015 0.0350575 0.722211
1311875644.2486551 605 -7.56583 -1.99384 9.789 0.0647616 -0.694556 0.0472685 0.714957
1311875644.2807939 606 -7.54052 -1.98616 9.80644 0.0686865 -0.696839 0.0464453 0.712418
1311875644.312829 607 -7.54611 -1.99056 9.80293 0.0680201 -0.69753 0.0488505 0.711645
1311875644.5127051 613 -7.57853 -2.024 9.83724 0.0833528 -0.718597 0.0540956 0.688291
1311875644.548681 614 -7.58392 -2.02737 9.84059 0.0828932 -0.723593 0.0556301 0.682969
1311875644.5806701 615 -7.58657 -2.03651 9.84288 0.0799074 -0.728008 0.0611893 0.678141
1311875644.6126201 616 -7.59956 -2.03955 9.85863 0.0869026 -0.732461 0.0596887 0.672596
1311875644.7487071 619 -7.56628 -2.03979 9.89983 0.0927572 -0.736443 0.060926 0.667335
1311875644.8808451 622 -7.54891 -2.04536 9.94358 0.0814448 -0.737317 0.0365372 0.669623
1311875644.94871 624 -7.50349 -2.01477 9.97117 0.0803739 -0.735382 0.0218277 0.672515
1311875644.980793 625 -7.51398 -2.03771 9.97814 0.0672511 -0.736531 0.00712653 0.673014
1311875645.0127051 626 -7.49774 -2.03248 9.9854 0.0597294 -0.736459 0.00331139 0.673832
1311875645.0488141 627 -7.48585 -2.03325 9.99277 0.0478352 -0.736017 -0.00880616 0.675214
1311875645.080713 628 -7.47739 -2.02542 10.0019 0.0345478 -0.739165 -0.016534 0.672434
1311875645.112607 629 -7.45309 -2.04425 10.0252 0.0182279 -0.741368 -0.0255568 0.670364
1311875645.24863 630 -7.47858 -2.05678 10.058 -0.00121841 -0.746957 -0.0490303 0.663061
1311875645.6127069 631 -7.44637 -2.00897 10.0918 -0.0560798 -0.748197 -0.1103 0.651836
1311875646.012629 632 -7.4732 -1.96832 10.0592 -0.0975451 -0.738783 -0.169697 0.644894
1311875646.3126941 633 -7.54462 -1.93828 10.0382 -0.147932 -0.739354 -0.22813 0.615978
1311875646.714576 634 -7.60403 -1.89207 10.0127 -0.208416 -0.760706 -0.275115 0.549728
1311875647.212765 635 -7.73602 -1.8205 9.94256 -0.229263 -0.772926 -0.311616 0.502911
1311875647.848649 636 -7.87644 -1.81975 9.82089 -0.208384 -0.777807 -0.291761 0.516205
1311875648.1127181 637 -7.9397 -1.80343 9.72789 -0.188486 -0.79219 -0.272527 0.512482
1311875648.348526 638 -7.95876 -1.79034 9.63151 -0.15094 -0.807304 -0.217179 0.527551
1311875648.580698 639 -7.9952 -1.77377 9.52308 -0.136113 -0.820036 -0.179341 0.526166
1311875648.8488441 640 -8.00806 -1.76021 9.41115 -0.114782 -0.824519 -0.16639 0.528495
1311875649.080683 641 -8.03859 -1.75031 9.33739 -0.0979326 -0.826946 -0.14799 0.533543
1311875649.348793 642 -8.05479 -1.74372 9.25258 -0.0657152 -0.816796 -0.133775 0.557342
1311875649.580658 643 -8.09647 -1.74135 9.19244 -0.0557978 -0.8079 -0.109092 0.576441
1311875649.7165451 644 -8.12911 -1.72802 9.13631 -0.0139671 -0.798931 -0.0885276 0.594708
1311875649.8489251 645 -8.09055 -1.74755 9.11397 0.00292929 -0.78826 -0.0646338 0.611932
1311875650.1166279 646 -8.14037 -1.75254 9.02474 0.0543329 -0.767695 -0.0326387 0.637673
1311875650.1805279 647 -8.17054 -1.75397 9.00436 0.0737808 -0.761247 -0.0126709 0.644127
1311875650.2806799 648 -8.16422 -1.75644 8.95899 0.109448 -0.74544 0.0242224 0.65708
1311875650.4486101 649 -8.12586 -1.74959 8.87687 0.13097 -0.72049 0.0633961 0.678028
1311875650.7485991 650 -8.15204 -1.76334 8.76133 0.133572 -0.710694 0.103117 0.682963
1311875650.9805181 651 -8.13793 -1.72517 8.65397 0.156086 -0.693612 0.116869 0.693456
1311875651.2165749 652 -8.16595 -1.7072 8.56721 0.195457 -0.673986 0.110047 0.703867
1311875651.4486001 653 -8.20487 -1.72409 8.48159 0.212151 -0.656956 0.111916 0.714756
1311875651.880584 655 -8.26642 -1.73068 8.28775 0.238109 -0.634494 0.16292 0.717062
1311875652.0808589 656 -8.28353 -1.72912 8.20429 0.255291 -0.637379 0.150018 0.711385
1311875652.280643 658 -8.29925 -1.71503 8.11922 0.271422 -0.627105 0.151993 0.71412
1311875652.3806829 659 -8.3184 -1.71344 8.08093 0.272904 -0.620342 0.154083 0.718998
1311875652.4484539 660 -8.33759 -1.69938 8.04185 0.270492 -0.616596 0.163765 0.720989
1311875652.8166051 664 -8.37322 -1.60231 7.82716 0.181866 -0.644813 0.168303 0.72306
1311875652.8485019 665 -8.3662 -1.59696 7.81163 0.16577 -0.651848 0.163746 0.721666
1311875653.1164851 670 -8.38378 -1.59621 7.74495 0.149763 -0.641016 0.128274 0.741765
1311875653.148407 671 -8.37523 -1.58511 7.73944 0.149272 -0.640176 0.125502 0.743062
1311875653.216531 673 -8.39501 -1.58694 7.71294 0.148544 -0.635718 0.12135 0.747711
1311875653.2805519 674 -8.40843 -1.58422 7.68864 0.15204 -0.631932 0.113968 0.751371
1311875653.3806281 676 -8.41439 -1.56129 7.64645 0.146422 -0.63047 0.0998477 0.755711
1311875653.448631 677 -8.43812 -1.54994 7.61518 0.134816 -0.634078 0.0966484 0.755267
1311875653.516624 679 -8.44557 -1.53736 7.60208 0.123097 -0.631963 0.0924772 0.759551
1311875653.6166091 680 -8.46226 -1.52584 7.55912 0.112362 -0.630504 0.0939368 0.762244
1311875653.780663 681 -8.49898 -1.49875 7.50251 0.0942749 -0.625239 0.0998397 0.768258
1311875653.948678 682 -8.53042 -1.48498 7.44131 0.0808693 -0.618127 0.0768676 0.77812
1311875654.3164799 683 -8.57215 -1.45042 7.32295 0.062816 -0.602743 0.00640822 0.795433
1311875654.6486621 684 -8.59643 -1.42308 7.21252 0.0266774 -0.573898 -0.0160695 0.818334
1311875654.9485681 685 -8.62043 -1.36297 7.09014 -0.0159838 -0.561191 -0.084665 0.82319
1311875655.316484 686 -8.64971 -1.294 6.98155 -0.0319447 -0.566373 -0.130534 0.813118
1311875655.5805199 687 -8.65868 -1.24247 6.87765 -0.0689737 -0.587805 -0.149283 0.792113
1311875655.748405 688 -8.68549 -1.2052 6.82824 -0.123515 -0.601832 -0.14815 0.77498
1311875655.948555 689 -8.74405 -1.18831 6.77125 -0.120751 -0.605175 -0.147059 0.773017
1311875656.28037 690 -8.75786 -1.15427 6.69011 -0.10114 -0.625031 -0.160504 0.757195
1311875656.480566 691 -8.75928 -1.15465 6.61054 -0.100059 -0.643665 -0.173574 0.738618
1311875656.6805401 692 -8.77353 -1.12199 6.54397 -0.0934055 -0.661614 -0.18452 0.720759
1311875656.8165441 693 -8.8078 -1.12001 6.51437 -0.092823 -0.668415 -0.193202 0.712235
1311875657.080343 695 -8.80808 -1.11554 6.42008 -0.0827598 -0.687119 -0.169605 0.701607
1311875657.1165271 696 -8.80369 -1.12113 6.41494 -0.0839449 -0.689804 -0.161408 0.700764
1311875657.148375 697 -8.80158 -1.12044 6.39407 -0.0806203 -0.696209 -0.160761 0.694946
1311875657.1805489 698 -8.80555 -1.11648 6.37334 -0.0786687 -0.699775 -0.160544 0.69163
1311875657.2165439 699 -8.81028 -1.11599 6.3532 -0.0788912 -0.705902 -0.154768 0.686677
1311875657.248364 700 -8.81756 -1.10249 6.35764 -0.0739236 -0.714444 -0.155233 0.678239
1311875657.2804749 701 -8.8095 -1.11309 6.35367 -0.0786613 -0.719347 -0.142653 0.675279
1311875657.31639 702 -8.80519 -1.10618 6.33275 -0.074091 -0.724216 -0.14341 0.670415
1311875657.3484211 703 -8.80859 -1.10601 6.31645 -0.071748 -0.727888 -0.143312 0.666703
1311875657.3804779 704 -8.80549 -1.10035 6.30778 -0.0704593 -0.732251 -0.136943 0.663393
1311875657.416543 705 -8.81711 -1.09486 6.29963 -0.0653673 -0.739116 -0.138655 0.655904
1311875657.4485641 706 -8.82204 -1.08628 6.29809 -0.0613146 -0.741804 -0.140328 0.652897
1311875657.4805801 707 -8.78819 -1.0609 6.29353 -0.0641165 -0.744017 -0.128819 0.652483
1311875657.516403 708 -8.82357 -1.07239 6.28437 -0.0675481 -0.744011 -0.13303 0.651298
1311875657.548465 709 -8.83578 -1.06758 6.28264 -0.0610927 -0.748898 -0.133814 0.646152
1311875657.5803521 710 -8.80767 -1.05536 6.26595 -0.0570266 -0.751622 -0.133916 0.643334
1311875657.616436 711 -8.79991 -1.05611 6.2554 -0.0610297 -0.750697 -0.135489 0.643717
1311875657.6484289 712 -8.80774 -1.07708 6.22429 -0.0601049 -0.753708 -0.141394 0.638998
1311875657.6804781 713 -8.79484 -1.05214 6.22746 -0.0569818 -0.759816 -0.141626 0.631961
1311875657.716583 714 -8.79543 -1.03703 6.22305 -0.0589314 -0.75964 -0.147274 0.630702
1311875657.748384 715 -8.81999 -1.06837 6.21338 -0.0646655 -0.761095 -0.142459 0.629491
1311875657.780488 716 -8.8121 -1.03692 6.21455 -0.0571085 -0.766216 -0.138293 0.624921
1311875657.816432 717 -8.80279 -1.04546 6.20368 -0.0590682 -0.764871 -0.140475 0.625899
1311875657.8484781 718 -8.83457 -1.05245 6.18856 -0.0561402 -0.769202 -0.150529 0.61848
1311875657.880502 719 -8.82105 -1.0524 6.19065 -0.0582129 -0.772381 -0.141946 0.616353
1311875657.916465 720 -8.81147 -1.04079 6.18044 -0.056845 -0.775274 -0.144832 0.612163
1311875657.948379 721 -8.83952 -1.05352 6.16635 -0.0577953 -0.778155 -0.152002 0.606654
1311875658.0484231 723 -8.81923 -1.02199 6.14402 -0.0607734 -0.781685 -0.145176 0.603489
1311875658.1163981 724 -8.85115 -1.00363 6.12979 -0.0561636 -0.7904 -0.145443 0.592419
1311875658.1484079 725 -8.84492 -1.00869 6.13 -0.0637227 -0.788458 -0.142487 0.594954
1311875658.1804359 726 -8.85629 -1.03459 6.11741 -0.0731688 -0.787466 -0.135229 0.596873
1311875658.2484519 727 -8.84481 -0.995093 6.11251 -0.0719999 -0.788669 -0.130513 0.596477
1311875658.2844419 728 -8.89546 -1.01021 6.10432 -0.0736219 -0.790698 -0.133199 0.592987
1311875658.3163431 729 -8.8946 -1.00758 6.10393 -0.0711767 -0.790168 -0.126162 0.595526
1311875658.3483019 730 -8.91975 -1.01746 6.10482 -0.0701885 -0.790735 -0.131353 0.593765
1311875658.384423 731 -8.9334 -1.01598 6.09733 -0.0722413 -0.790096 -0.12794 0.595115
1311875658.4163051 732 -8.93282 -1.01628 6.09188 -0.070682 -0.787819 -0.11842 0.600268
1311875658.484302 733 -8.9506 -1.00829 6.06908 -0.0519025 -0.789311 -0.122711 0.599364
1311875658.5164289 734 -8.96048 -1.00402 6.05385 -0.0415239 -0.787571 -0.124962 0.60199
1311875658.5483811 735 -8.95827 -1.00656 6.05711 -0.027733 -0.781275 -0.111234 0.613569
1311875658.5844159 736 -8.95969 -1.00775 6.053 -0.024018 -0.774195 -0.0966465 0.625064
1311875658.6484339 738 -8.96868 -1.0093 6.04486 -0.0174619 -0.765709 -0.0755198 0.6385
1311875658.7164359 740 -8.96693 -1.0099 6.04592 -0.00750825 -0.764356 -0.0713037 0.640796
1311875658.7489941 741 -8.97536 -1.00456 6.03075 -0.00543971 -0.762575 -0.0681013 0.643282
1311875658.7846961 742 -8.97648 -1.00982 6.03557 0.000521986 -0.76127 -0.0636239 0.645306
1311875658.816407 743 -8.98208 -1.00856 6.03159 0.00282067 -0.759456 -0.056642 0.648082
1311875658.8486149 744 -8.99257 -1.00942 6.02581 0.010432 -0.755894 -0.0580272 0.652034
1311875658.8844719 745 -8.98876 -1.0122 6.03109 0.0200327 -0.75559 -0.0515001 0.65271
1311875658.9165511 746 -8.99335 -1.00754 6.0271 0.0278947 -0.755698 -0.0478967 0.65257
1311875658.948894 747 -8.97364 -1.02756 6.00368 0.0312772 -0.75367 -0.0455077 0.654929
1311875658.9854701 748 -8.97184 -0.994188 6.00231 0.0381945 -0.755143 -0.0365263 0.653427
1311875659.0165939 749 -8.97549 -0.995138 5.99363 0.0406333 -0.756527 -0.0309781 0.651964
1311875659.048516 750 -8.98187 -0.998773 5.99261 0.0421153 -0.758333 -0.0244854 0.650044
1311875659.08464 751 -8.99223 -0.997846 5.98388 0.0484205 -0.758264 -0.0208054 0.649815
1311875659.116461 752 -8.99148 -0.997087 5.98043 0.0550472 -0.758959 -0.0123661 0.64869
1311875659.1483481 753 -8.99644 -1.00351 5.97513 0.0607215 -0.75799 -0.00990177 0.649358
1311875659.184459 754 -9.00495 -1.00195 5.96491 0.0639869 -0.758768 0.00365299 0.6482
1311875659.248508 756 -8.97595 -0.98101 5.93372 0.0691006 -0.760561 0.0211999 0.645231
1311875659.284565 757 -8.98514 -0.99665 5.9306 0.0642844 -0.762634 0.0292844 0.642961
1311875659.316736 758 -8.98619 -0.992441 5.92261 0.0682321 -0.76396 0.0388555 0.640469
1311875659.3489411 759 -8.98097 -0.983613 5.90686 0.0683087 -0.763621 0.0457904 0.640406
1311875659.3843739 760 -8.97581 -0.986481 5.8999 0.0636069 -0.764644 0.054116 0.639019
1311875659.416465 761 -8.96983 -0.980066 5.87555 0.064913 -0.764732 0.0593504 0.638317
1311875659.4486361 762 -8.97951 -0.973469 5.87431 0.071225 -0.767523 0.0623967 0.633989
1311875659.484484 763 -8.98867 -0.968764 5.85029 0.0744131 -0.763698 0.0651342 0.637954
1311875659.5164161 764 -8.98361 -0.975852 5.84273 0.0760841 -0.764001 0.0731666 0.636522
1311875659.548497 765 -8.95853 -0.969371 5.8291 0.0774173 -0.765379 0.0825784 0.633547
1311875659.584964 766 -8.95693 -0.967649 5.8168 0.0751537 -0.766147 0.0885344 0.632086
1311875659.616411 767 -8.96515 -0.975044 5.80642 0.0740402 -0.766884 0.0919876 0.630829
1311875659.6484621 768 -8.97372 -0.981981 5.80246 0.072418 -0.770672 0.100747 0.625036
1311875659.68434 769 -8.94741 -0.96302 5.78389 0.0775152 -0.772193 0.101378 0.62244
1311875659.7165051 770 -8.95401 -0.96088 5.76715 0.0759543 -0.775087 0.103788 0.618627
1311875659.7485421 771 -8.96265 -0.977022 5.75653 0.0737823 -0.777623 0.108032 0.61497
1311875659.7844889 772 -8.9666 -0.977629 5.7494 0.081441 -0.778494 0.108211 0.612866
1311875659.8164501 773 -8.95826 -0.956394 5.7362 0.0870754 -0.779731 0.109822 0.610227
1311875659.848552 774 -8.97112 -0.973534 5.72394 0.084252 -0.783575 0.11451 0.604814
1311875659.884485 775 -8.96957 -0.969775 5.71309 0.0867619 -0.78689 0.11914 0.599234
1311875659.9163351 776 -8.96404 -0.962798 5.70296 0.0911459 -0.789207 0.120309 0.59529
1311875659.9483631 777 -8.9709 -0.959947 5.68725 0.0928263 -0.791152 0.122826 0.591926
1311875660.2164149 778 -9.00522 -0.925925 5.59747 0.0980322 -0.797264 0.128516 0.581587
1311875660.4164 779 -9.05042 -0.910561 5.53561 0.104646 -0.796438 0.135181 0.580054
1311875660.584342 780 -9.07934 -0.938623 5.5022 0.118199 -0.789291 0.1405 0.585925
1311875660.8162839 781 -9.1037 -0.941375 5.44375 0.118138 -0.787869 0.157059 0.583642
1311875661.1162751 782 -9.12808 -0.908847 5.35601 0.119595 -0.788874 0.153178 0.583019
1311875661.6163781 785 -9.10858 -0.828093 5.18206 0.100689 -0.781694 0.173901 0.590402
1311875661.6483231 786 -9.12209 -0.825777 5.17946 0.0982543 -0.780526 0.169098 0.593744
1311875661.74841 787 -9.10937 -0.814479 5.14814 0.101781 -0.774526 0.153889 0.605036
1311875661.816371 788 -9.11356 -0.803776 5.12463 0.0958931 -0.776733 0.148147 0.604602
1311875661.9165449 790 -9.11639 -0.79068 5.105 0.0986805 -0.774668 0.135354 0.609779
1311875661.9483609 791 -9.11556 -0.791344 5.09919 0.0983734 -0.773547 0.129785 0.612457
1311875661.984354 792 -9.10466 -0.78433 5.08584 0.0908786 -0.77586 0.12976 0.610692
1311875662.0483789 793 -9.11497 -0.76479 5.07556 0.0902455 -0.77411 0.118081 0.615358
1311875662.084379 794 -9.1238 -0.779118 5.07674 0.0921216 -0.774339 0.112574 0.615824
1311875662.1165509 795 -9.15253 -0.775437 5.07097 0.0951393 -0.77284 0.107081 0.618223
1311875662.1484971 796 -9.13025 -0.750889 5.05805 0.0949898 -0.770298 0.101003 0.622428
1311875662.2163889 798 -9.12132 -0.736659 5.04333 0.0965005 -0.769578 0.0921748 0.624452
1311875662.2484889 799 -9.14557 -0.751423 5.04101 0.0926108 -0.769501 0.0865775 0.625935
1311875662.284384 800 -9.1491 -0.752696 5.03882 0.0944058 -0.767826 0.0820313 0.628333
1311875662.316241 801 -9.15736 -0.746887 5.02773 0.0902738 -0.768158 0.0823165 0.628497
1311875662.3842299 803 -9.1565 -0.735996 5.011 0.0872503 -0.764832 0.0757663 0.633781
1311875662.4162321 804 -9.14696 -0.716407 4.99617 0.0826578 -0.765321 0.0755309 0.633835
1311875662.4843681 806 -9.16696 -0.704221 4.97737 0.0705253 -0.766428 0.0682738 0.634786
1311875662.516336 807 -9.169 -0.699087 4.97283 0.0665711 -0.766467 0.0647554 0.635534
1311875662.5482719 808 -9.16788 -0.674133 4.9643 0.0679659 -0.764927 0.0628531 0.63743
1311875662.5844281 809 -9.19721 -0.704798 4.96348 0.0652563 -0.764964 0.0566712 0.638247
1311875662.6164031 810 -9.20672 -0.719431 4.95487 0.057485 -0.767023 0.0592261 0.636289
1311875662.6483631 811 -9.20249 -0.705779 4.9411 0.056348 -0.76825 0.0600679 0.63483
1311875662.6843779 812 -9.19304 -0.670377 4.93101 0.0551343 -0.766683 0.0582051 0.637001
1311875662.7162549 813 -9.20374 -0.687435 4.93187 0.0496588 -0.766489 0.0562024 0.637864
1311875662.748311 814 -9.20434 -0.67012 4.9206 0.0519793 -0.766005 0.0569491 0.638194
1311875662.7843001 815 -9.21617 -0.681142 4.91816 0.0548162 -0.764827 0.0519441 0.639794
1311875662.8163569 816 -9.24567 -0.703445 4.92173 0.0516873 -0.764142 0.0476223 0.641208
1311875662.848392 817 -9.23969 -0.718334 4.91107 0.047515 -0.764315 0.0448085 0.641527
1311875662.8844919 818 -9.22545 -0.674414 4.89088 0.0470285 -0.764145 0.0461702 0.641669
1311875662.9162221 819 -9.2103 -0.647301 4.8721 0.0429 -0.764349 0.0429384 0.64194
1311875662.948606 820 -9.19597 -0.649225 4.86694 0.0391853 -0.765172 0.0389051 0.641454
1311875662.9844661 821 -9.20544 -0.648852 4.86604 0.0399789 -0.767014 0.0372932 0.639296
1311875663.0164361 822 -9.22338 -0.633089 4.85206 0.0443322 -0.765407 0.0301795 0.641308
1311875663.049706 823 -9.21686 -0.631009 4.84357 0.0371653 -0.766314 0.0257948 0.640871
1311875663.0844281 824 -9.20612 -0.639272 4.82475 0.0287087 -0.769588 0.0217566 0.637525
1311875663.1164811 825 -9.2093 -0.604041 4.81366 0.037611 -0.768452 0.0138854 0.63865
1311875663.184346 827 -9.19265 -0.592699 4.78933 0.0324379 -0.769845 0.00200611 0.637403
1311875663.216347 828 -9.17426 -0.586764 4.77864 0.0341393 -0.770577 -0.00110878 0.636432
1311875663.2484341 829 -9.20583 -0.613697 4.76933 0.0348186 -0.770461 -0.0157042 0.636342
1311875663.2843111 830 -9.1999 -0.606947 4.74351 0.0264955 -0.771443 -0.0175755 0.635504
1311875663.3162971 831 -9.21117 -0.610919 4.74747 0.0282802 -0.771078 -0.0273958 0.635522
1311875663.3484361 832 -9.17627 -0.589506 4.71891 0.017687 -0.771142 -0.0285838 0.635775
1311875663.38429 833 -9.22049 -0.633975 4.71118 0.00679338 -0.776199 -0.0406977 0.629136
1311875663.416363 834 -9.20694 -0.643066 4.68998 0.00634046 -0.776261 -0.0512063 0.628297
1311875663.448313 835 -9.19287 -0.623865 4.68478 -2.33607e-05 -0.773276 -0.0495232 0.632133
1311875663.484293 836 -9.19057 -0.649363 4.6715 -0.00456828 -0.773587 -0.0560719 0.631187
1311875663.5162301 837 -9.19393 -0.621627 4.66446 -0.0102684 -0.775338 -0.0573015 0.628858
1311875663.584425 839 -9.07406 -0.638178 4.71864 -0.0215609 -0.781784 -0.0648198 0.619797
1311875663.616508 840 -9.074 -0.642388 4.7294 -0.0259011 -0.781725 -0.0640491 0.619784
1311875663.6482921 841 -9.0697 -0.642772 4.72574 -0.028142 -0.781585 -0.0691138 0.619319
1311875663.684252 842 -9.06971 -0.646291 4.72589 -0.0333856 -0.78303 -0.0726679 0.616821
1311875663.716265 843 -9.41921 -0.678023 4.54911 -0.0422442 -0.773461 -0.0966224 0.62501
1311875663.7483201 844 -9.41565 -0.676222 4.55033 -0.048941 -0.774737 -0.105608 0.621477
1311875663.7843671 845 -9.41412 -0.678474 4.55445 -0.0545978 -0.775171 -0.106942 0.620236
1311875663.8162279 846 -9.40203 -0.669974 4.55786 -0.0535285 -0.777856 -0.111563 0.61614
1311875663.848346 847 -9.21235 -0.598836 4.57292 -0.0508567 -0.777122 -0.103064 0.618766
1311875663.8844969 848 -9.23037 -0.603389 4.55747 -0.0509107 -0.778118 -0.116147 0.615183
1311875663.9163289 849 -9.22394 -0.601835 4.54746 -0.0517956 -0.779956 -0.123904 0.611255
1311875663.948267 850 -9.21465 -0.589763 4.54107 -0.0581305 -0.778562 -0.126746 0.611881
1311875663.9843409 851 -9.21837 -0.586102 4.53455 -0.0581364 -0.778209 -0.137163 0.61008
1311875664.0164101 852 -9.23777 -0.590344 4.53142 -0.0609933 -0.777979 -0.1419 0.60901
1311875664.048326 853 -9.23165 -0.584739 4.53457 -0.0628933 -0.779114 -0.141488 0.60746
1311875664.08512 854 -9.2326 -0.567717 4.52392 -0.0640891 -0.777131 -0.148517 0.608197
1311875664.116215 855 -9.24111 -0.588716 4.51306 -0.0683992 -0.775574 -0.155894 0.607868
1311875664.1483109 856 -9.2304 -0.581491 4.50518 -0.0656734 -0.776671 -0.161762 0.605229
1311875664.184411 857 -9.24206 -0.576359 4.50552 -0.0668913 -0.777542 -0.16902 0.601985
1311875664.216373 858 -9.2414 -0.574221 4.49482 -0.0730518 -0.775265 -0.171724 0.603439
1311875664.248172 859 -9.2547 -0.569708 4.48726 -0.0699299 -0.7768 -0.177428 0.600175
1311875664.348232 860 -9.25624 -0.555296 4.46486 -0.0728475 -0.774895 -0.187269 0.5993
1311875664.416203 861 -9.26637 -0.553089 4.44509 -0.06677 -0.775582 -0.200025 0.594983
1311875664.484412 862 -9.27552 -0.542385 4.42856 -0.0696972 -0.774081 -0.207004 0.594214
1311875664.9161921 864 -9.34337 -0.519349 4.35279 -0.0925276 -0.770191 -0.223716 0.590082
1311875664.9482939 865 -9.33858 -0.521908 4.34675 -0.0893996 -0.771041 -0.22212 0.590057
1311875665.0483489 866 -9.34282 -0.512139 4.32396 -0.0894454 -0.769745 -0.229007 0.589107
1311875665.148278 867 -9.36284 -0.519501 4.30359 -0.085164 -0.771657 -0.236913 0.584093
1311875665.248368 868 -9.35901 -0.515025 4.28514 -0.0834625 -0.773842 -0.244188 0.578424
1311875665.3488369 869 -9.37321 -0.50842 4.26052 -0.0813531 -0.778493 -0.247791 0.570903
1311875665.416255 870 -9.36226 -0.500766 4.23765 -0.0782451 -0.780083 -0.253435 0.566674
1311875665.5161779 871 -9.37022 -0.496106 4.20689 -0.0814021 -0.786308 -0.250907 0.558694
1311875665.5842509 872 -9.36236 -0.491648 4.2093 -0.0852456 -0.791691 -0.253353 0.549336
1311875665.716377 873 -9.36956 -0.500342 4.18456 -0.0878399 -0.795666 -0.260472 0.539772
1311875666.0163391 874 -9.37507 -0.483393 4.11856 -0.0853622 -0.804387 -0.246653 0.533702
1311875666.0847321 875 -9.37274 -0.492579 4.10435 -0.0765246 -0.807222 -0.241601 0.533072
1311875666.1482379 876 -9.37512 -0.496318 4.08107 -0.076612 -0.810495 -0.234751 0.531151
1311875666.2161629 877 -9.3679 -0.484248 4.07828 -0.0761195 -0.814691 -0.224285 0.529321
1311875666.2482519 878 -9.38132 -0.491297 4.05094 -0.0790251 -0.815737 -0.220083 0.529047
1311875666.2841289 879 -9.37158 -0.482582 4.05175 -0.0705609 -0.819745 -0.214393 0.526378
1311875666.316519 880 -9.36348 -0.481396 4.05299 -0.0688899 -0.821816 -0.20963 0.525288
1311875666.3481929 881 -9.3727 -0.482272 4.02283 -0.0757328 -0.823849 -0.201582 0.524311
1311875666.3841989 882 -9.36404 -0.477073 4.01805 -0.0717406 -0.826329 -0.195463 0.523285
1311875666.416146 883 -9.35328 -0.47672 4.02314 -0.0701444 -0.830045 -0.190926 0.51928
1311875666.448179 884 -9.36457 -0.471706 4.00955 -0.0690269 -0.832318 -0.186731 0.517313
1311875666.4845419 885 -9.37028 -0.475581 3.99287 -0.0686208 -0.834442 -0.18132 0.515869
1311875666.516181 886 -9.35595 -0.472542 3.99794 -0.0649393 -0.836042 -0.175032 0.515926
1311875666.5482261 887 -9.36648 -0.475886 3.9813 -0.0659866 -0.837587 -0.169358 0.515181
1311875666.5841589 888 -9.36565 -0.478789 3.95951 -0.0644318 -0.838707 -0.164821 0.515028
1311875666.616173 889 -9.35123 -0.469642 3.95994 -0.0590464 -0.840598 -0.157631 0.514841
1311875666.648279 890 -9.33919 -0.467717 3.96208 -0.0542336 -0.842674 -0.154215 0.513009
1311875666.6843491 891 -9.35194 -0.464665 3.93183 -0.0536802 -0.845421 -0.15136 0.509384
1311875666.7162349 892 -9.3427 -0.472432 3.94019 -0.0495682 -0.848543 -0.146857 0.505915
1311875666.7482879 893 -9.34323 -0.461382 3.93079 -0.048361 -0.849635 -0.143308 0.505217
1311875666.7842629 894 -9.34491 -0.461079 3.92422 -0.0507481 -0.851838 -0.139215 0.50241
1311875666.8162551 895 -9.35227 -0.475824 3.91653 -0.0475501 -0.853539 -0.136812 0.500492
1311875667.3521791 897 -9.38215 -0.507057 3.80301 0.0421726 0.881842 0.0694352 -0.464494
1311875667.7164309 898 -9.41926 -0.511443 3.73831 0.041575 0.89167 0.0146051 -0.450536
1311875668.2842641 899 -9.45781 -0.481203 3.649 0.0386633 0.893361 -0.0644942 -0.443002
1311875669.116693 900 -9.47132 -0.491119 3.47424 0.00109678 0.871355 -0.156367 -0.465068
1311875669.6521831 901 -9.44047 -0.463705 3.37511 -0.0426271 0.853285 -0.153328 -0.496566
1311875670.1521809 902 -9.47787 -0.426903 3.21584 -0.0270996 0.862582 -0.153751 -0.481227
1311875670.588408 903 -9.50205 -0.345008 3.13098 0.0429983 -0.847849 0.0857037 0.521495
1311875671.053453 904 -9.5344 -0.297679 3.02939 0.0362469 -0.819404 0.0473026 0.570111
1311875671.0841761 905 -9.54556 -0.291772 3.01985 0.0386499 -0.817098 0.0439325 0.573521
1311875671.1530049 906 -9.54051 -0.285239 3.00082 0.0365034 -0.811671 0.0407356 0.581549
1311875671.2174971 907 -9.55065 -0.283734 2.98212 0.0309373 -0.808244 0.0386818 0.586761
1311875671.252075 908 -9.54059 -0.267932 2.96612 0.0217433 -0.807838 0.0385794 0.587738
1311875671.284126 909 -9.54649 -0.260727 2.96058 0.0249101 -0.805451 0.0366185 0.591005
1311875671.3169539 910 -9.53802 -0.259605 2.95711 0.023639 -0.802003 0.0348528 0.595834
1311875671.3526881 911 -9.54768 -0.255249 2.94901 0.0165734 -0.800476 0.0332915 0.598209
1311875671.3841801 912 -9.54249 -0.249775 2.93926 0.0160755 -0.798045 0.0301876 0.601627
1311875671.4185231 913 -9.52567 -0.231554 2.93106 0.0178508 -0.794238 0.025724 0.606799
1311875671.452728 914 -9.52691 -0.215969 2.92741 0.0204531 -0.792177 0.0169067 0.609715
1311875671.4840419 915 -9.55287 -0.233663 2.92971 0.0223843 -0.790012 0.00986319 0.612603
1311875671.5188529 916 -9.53244 -0.238366 2.9124 0.0235114 -0.787563 0.00144057 0.615783
1311875671.552562 917 -9.56363 -0.241363 2.91723 0.0223299 -0.785603 -0.00457504 0.618311
1311875671.5843251 918 -9.56709 -0.244965 2.90593 0.0201032 -0.784411 -0.00931207 0.619845
1311875671.6169219 919 -9.55999 -0.230171 2.90095 0.0186339 -0.78176 -0.0126213 0.623173
1311875671.652565 920 -9.56727 -0.244509 2.89257 0.0202559 -0.779681 -0.0207132 0.625506
1311875671.716069 922 -9.56233 -0.232936 2.87984 0.0164446 -0.776811 -0.0264439 0.628964
1311875671.784514 924 -9.57282 -0.23669 2.86741 0.0199939 -0.773259 -0.0365376 0.632721
1311875671.8166471 925 -9.57084 -0.234657 2.85682 0.0219391 -0.770204 -0.0417549 0.636051
1311875671.8557241 926 -9.57516 -0.243902 2.84562 0.0237116 -0.769112 -0.0490394 0.636789
1311875671.8840101 927 -9.59551 -0.236513 2.84915 0.0233798 -0.767652 -0.0485651 0.638597
1311875671.953023 929 -9.59882 -0.240644 2.8304 0.0214662 -0.765563 -0.0549379 0.640651
1311875672.0556569 932 -9.62548 -0.2255 2.80516 0.0228584 -0.76477 -0.0605192 0.641047
1311875672.1555369 935 -9.62702 -0.199558 2.77851 0.0121179 -0.765266 -0.0622824 0.640579
1311875672.2846141 939 -9.65931 -0.202568 2.74409 0.00590136 -0.762246 -0.0672618 0.643756
1311875672.31637 940 -9.66742 -0.194918 2.73725 0.00562378 -0.763305 -0.0664267 0.642589
1311875672.3558619 941 -9.64591 -0.180102 2.72642 0.00493022 -0.763957 -0.0643252 0.642034
1311875672.383996 942 -9.65263 -0.187446 2.71554 0.00177897 -0.762837 -0.0677277 0.643031
1311875672.4160769 943 -9.67477 -0.190633 2.7115 -0.000555332 -0.763082 -0.0693432 0.64257
1311875672.4529979 944 -9.65793 -0.168116 2.70578 0.000566547 -0.764334 -0.0685427 0.641167
1311875672.4858279 945 -9.66882 -0.1634 2.70045 -0.00082134 -0.7625 -0.0724314 0.64292
1311875672.516037 946 -9.68123 -0.177974 2.69013 -0.00214022 -0.762594 -0.0767125 0.642309
1311875672.5548141 947 -9.67731 -0.15347 2.67976 0.00270891 -0.762447 -0.0801314 0.642064
1311875672.584321 948 -9.67855 -0.142626 2.67218 0.0033915 -0.761851 -0.0863726 0.641958
1311875672.686651 950 -9.69783 -0.146609 2.64309 0.00370364 -0.760722 -0.0989619 0.641479
1311875672.754746 951 -9.69813 -0.127986 2.63091 0.00016002 -0.761233 -0.104545 0.639996
1311875672.9553859 953 -9.72424 -0.104534 2.59107 -0.00516852 -0.760604 -0.130223 0.636001
1311875673.056119 954 -9.73272 -0.0927619 2.56425 -0.00157374 -0.760411 -0.143049 0.63349
1311875673.316067 955 -9.73966 -0.0740352 2.51235 -0.0037738 -0.75006 -0.162553 0.641071
1311875674.216222 956 -9.75962 0.0266311 2.33507 -0.0587862 -0.699278 -0.251295 0.666637
1311875674.884217 957 -9.86326 0.0464118 2.12936 -0.0729567 -0.691478 -0.230785 0.680642
1311875675.4522481 958 -9.86318 0.0350432 1.94828 -0.0234726 -0.733043 -0.185773 0.653901
1311875675.9841039 959 -9.84724 0.0485358 1.81148 -0.0058939 -0.744285 -0.152344 0.650228
1311875676.3842039 960 -9.82089 0.0387236 1.68517 0.00401541 -0.760233 -0.108348 0.640539
1311875676.484184 961 -9.80326 0.0435046 1.65741 0.000679527 -0.764496 -0.0897787 0.638345
1311875676.6520259 962 -9.78827 0.0414002 1.60677 -0.000726874 -0.770707 -0.0769362 0.632528
1311875676.7842751 963 -9.78692 0.0307555 1.57446 0.00219174 -0.77945 -0.0654711 0.62303
1311875676.8201129 964 -9.78124 0.0335597 1.56487 0.00402022 -0.78222 -0.0618827 0.619908
1311875676.8520341 965 -9.77494 0.0408272 1.55079 0.00542545 -0.7831 -0.0595607 0.619014
1311875676.8841419 966 -9.77005 0.0315287 1.53839 0.00793085 -0.784801 -0.0574943 0.617024
1311875676.920084 967 -9.75954 0.0295966 1.52794 0.0162399 -0.786969 -0.0582603 0.614021
1311875676.9519601 968 -9.75714 0.0350885 1.51698 0.0100931 -0.789636 -0.0543995 0.611075
1311875676.9840851 969 -9.76124 0.0386422 1.50775 0.010306 -0.790925 -0.0519617 0.609616
1311875677.020107 970 -9.76177 0.0383619 1.49935 0.0112848 -0.791917 -0.0506852 0.608417
1311875677.0523479 971 -9.76568 0.0410272 1.48555 0.00800112 -0.793098 -0.0477263 0.607168
1311875677.084131 972 -9.75662 0.0515353 1.47333 0.0115457 -0.794332 -0.0451279 0.605695
1311875677.1200941 973 -9.7534 0.0398466 1.45778 0.00832166 -0.794277 -0.0448804 0.605839
1311875677.152283 974 -9.76729 0.0432324 1.4456 0.0143119 -0.797841 -0.0428438 0.601174
1311875677.184088 975 -9.74853 0.0498966 1.43407 0.0068521 -0.798726 -0.0348712 0.600644
1311875677.219959 976 -9.76918 0.0596372 1.41989 0.00147802 -0.80105 -0.0310527 0.59779
1311875677.252146 977 -9.74631 0.0524226 1.4067 0.00644876 -0.801912 -0.0265214 0.596818
1311875677.2841711 978 -9.73687 0.0554979 1.39608 0.00920932 -0.802932 -0.0274201 0.595368
1311875677.3272691 979 -9.75056 0.0603864 1.38817 0.00443492 -0.804135 -0.0237264 0.593956
1311875677.3520961 980 -9.75887 0.056279 1.37356 -0.0035754 -0.805672 -0.0180072 0.592077
1311875677.3841391 981 -9.74376 0.0529361 1.36361 0.00276113 -0.806148 -0.0187224 0.591411
1311875677.42013 982 -9.76003 0.063947 1.34759 -0.00787613 -0.807396 -0.0133042 0.589807
1311875677.4520299 983 -9.76101 0.0575194 1.33864 -0.0084923 -0.808724 -0.00925545 0.588055
1311875677.4841299 984 -9.73477 0.0628233 1.32284 -0.0089949 -0.809826 -0.0103532 0.58651
1311875677.5201039 985 -9.74851 0.0449501 1.31242 -0.015816 -0.812123 -0.0075816 0.583223
1311875677.5520251 986 -9.74839 0.044355 1.3031 -0.0117213 -0.814062 -0.00639025 0.580624
1311875677.5841949 987 -9.74512 0.0542468 1.29008 -0.0175494 -0.816393 -0.00412275 0.577216
1311875677.6522591 988 -9.7274 0.0352255 1.27162 -0.0143549 -0.820814 -0.0112032 0.570905
1311875677.6839521 989 -9.73647 0.0496733 1.26599 -0.0196896 -0.823389 -0.0104819 0.567038
1311875678.6521051 998 -9.6735 0.142108 0.996871 -0.0149491 -0.825113 -0.10044 0.555767
1311875678.684154 999 -9.68565 0.147681 0.993032 -0.0143153 -0.824425 -0.102981 0.55634
1311875678.72001 1000 -9.68834 0.149104 0.983998 -0.0107834 -0.823399 -0.107798 0.557025
1311875678.8840649 1005 -9.68024 0.165223 0.936734 -0.0119947 -0.818221 -0.124225 0.561194
1311875678.9201 1006 -9.67606 0.174304 0.933279 -0.00872314 -0.817398 -0.126697 0.5619
1311875678.9521191 1007 -9.6725 0.182343 0.924881 -0.00754172 -0.816296 -0.132072 0.562282
1311875679.0200701 1009 -9.69091 0.181508 0.912673 -0.00155439 -0.814045 -0.138943 0.563936
1311875679.0841501 1011 -9.69968 0.171738 0.896189 0.00371274 -0.810947 -0.147647 0.566173
1311875679.1200709 1012 -9.68937 0.184862 0.883999 0.00332313 -0.809262 -0.151141 0.567663
1311875679.152108 1013 -9.68717 0.193119 0.876793 0.00575517 -0.808348 -0.154999 0.567904
1311875679.3200779 1015 -9.69969 0.206665 0.823464 4.91222e-05 -0.800832 -0.165896 0.575453
1311875679.38411 1016 -9.67091 0.245785 0.798039 -0.00578339 -0.798775 -0.16373 0.578893
1311875679.4519589 1017 -9.70882 0.222421 0.779814 -0.000393734 -0.792724 -0.172323 0.584716
1311875679.4841521 1018 -9.68362 0.246276 0.772208 -0.00399809 -0.791349 -0.172785 0.586427
1311875679.5840559 1020 -9.70635 0.237255 0.74618 -0.00220425 -0.784034 -0.189328 0.591135
1311875679.784148 1021 -9.71022 0.263379 0.682247 -0.00646749 -0.774819 -0.197487 0.60051
1311875680.5520861 1022 -9.69817 0.304291 0.490068 -0.0116861 -0.730712 -0.199957 0.652641
1311875680.9520731 1023 -9.64795 0.325147 0.36351 -0.02332 -0.73151 -0.164118 0.661373
1311875681.2521341 1024 -9.63832 0.329596 0.296321 -0.0127177 -0.736727 -0.150417 0.659126
1311875681.7200179 1028 -9.61608 0.344937 0.152342 -0.00194115 -0.739161 -0.100977 0.665914
1311875681.7520659 1029 -9.63459 0.339952 0.14427 -0.00779745 -0.739312 -0.0947195 0.666623
1311875681.82005 1030 -9.63313 0.339212 0.126294 -0.00974743 -0.739297 -0.0844523 0.667991
1311875681.88413 1031 -9.63664 0.323101 0.102212 -0.0062402 -0.7416 -0.0766119 0.666424
1311875681.920048 1032 -9.63067 0.325535 0.0932841 -0.0124423 -0.742294 -0.0701786 0.666273
1311875681.9520741 1033 -9.6384 0.318725 0.0845096 -0.00721818 -0.744784 -0.0654353 0.66405
1311875681.9841471 1034 -9.62833 0.319102 0.0732404 -0.00306023 -0.746287 -0.0581581 0.663071
1311875682.020076 1035 -9.62463 0.318593 0.0595169 -0.00579153 -0.747193 -0.0519762 0.662546
1311875682.0841391 1036 -9.61698 0.310209 0.042707 -0.0057063 -0.75036 -0.044419 0.659511
1311875682.184124 1037 -9.61559 0.312301 0.0212148 -0.00748049 -0.752492 -0.0349107 0.657632
1311875682.852036 1038 -9.50832 0.33945 -0.172724 -0.00325182 -0.769251 0.052008 0.636818
1311875683.7839949 1039 -9.30265 0.33174 -0.434461 0.0307444 -0.820141 0.0678709 0.567289
1311875684.6199291 1040 -9.29042 0.332629 -0.607195 -0.00667774 -0.84125 0.100436 0.531194
1311875685.151927 1041 -9.29486 0.387947 -0.637153 -0.0161562 -0.855932 0.0725722 0.511715
1311875685.719888 1042 -9.20404 0.435022 -0.739855 -0.0158234 -0.85901 0.00441985 0.511695
1311875686.0199449 1044 -9.13999 0.465518 -0.771708 -0.0023024 0.867829 0.0412107 -0.495146
1311875686.052052 1045 -9.13769 0.476088 -0.771783 0.00591404 0.868426 0.0426216 -0.493948
1311875686.85179 1051 -9.01587 0.506645 -0.822835 0.0232065 0.882511 0.140874 -0.448097
1311875687.451983 1052 -9.0082 0.505033 -0.862356 0.0515098 0.869749 0.182836 -0.455471
1311875688.4517469 1053 -8.85683 0.46911 -0.943365 -0.00625558 0.873453 0.206396 -0.440956
1311875688.4879379 1054 -8.84819 0.467603 -0.954855 -0.0166552 0.876863 0.203778 -0.435097
1311875688.6878779 1055 -8.80764 0.432435 -0.965104 -0.0206407 0.893359 0.172699 -0.414317
1311875688.7519391 1056 -8.81929 0.450105 -1.01005 -0.0186755 0.894131 0.154614 -0.419851
1311875688.8198969 1057 -8.78643 0.427681 -0.960602 -0.0243807 0.903133 0.143351 -0.403989
1311875688.887893 1058 -8.78765 0.418888 -0.980877 -0.027895 0.90488 0.129211 -0.404621
1311875688.9198699 1059 -8.75908 0.406484 -0.942438 -0.029261 0.908649 0.124987 -0.397341
1311875688.9519429 1060 -8.75662 0.421287 -0.941591 -0.0251918 0.90919 0.115227 -0.399326
1311875688.9879539 1061 -8.7381 0.406019 -0.932617 -0.0332742 0.908931 0.1167 -0.398897
1311875689.019882 1062 -8.73524 0.398009 -0.959557 -0.0418562 0.907949 0.110015 -0.40221
1311875689.0519409 1063 -8.75755 0.409978 -0.974517 -0.0258329 0.908056 0.0949613 -0.407124
1311875689.0879071 1064 -8.74825 0.410242 -0.956518 -0.0155416 0.910038 0.0865606 -0.405088
1311875689.4197741 1066 -8.73151 0.423003 -1.00517 0.00485124 0.916891 0.0297987 -0.397994
1311875689.651871 1067 -8.71529 0.408174 -0.979472 0.0472213 0.922959 -0.0102536 -0.381854
1311875689.9878671 1068 -8.7245 0.414754 -0.998832 0.0426005 0.924938 -0.0384083 -0.375766
1311875690.2518771 1069 -8.72585 0.410084 -1.03196 0.032805 0.929939 -0.0775447 -0.357943
1311875690.3878801 1070 -8.71497 0.389792 -1.03189 0.0297276 0.934414 -0.100658 -0.340375
1311875690.5197239 1071 -8.69861 0.399115 -1.00619 0.0312149 0.937873 -0.124369 -0.322415
1311875690.687849 1072 -8.66867 0.418633 -0.978375 0.0462371 0.943043 -0.135411 -0.300326
1311875690.8197701 1073 -8.66203 0.422701 -0.952279 0.0464394 0.950858 -0.135216 -0.274644
1311875690.9518011 1074 -8.62696 0.416104 -0.933589 0.0547159 0.958787 -0.130671 -0.246289
1311875691.0877211 1075 -8.62519 0.425091 -0.933136 0.0604306 0.963187 -0.139236 -0.221885
1311875691.287746 1076 -8.56241 0.42623 -0.875222 0.0907131 0.970285 -0.137509 -0.177226
1311875691.4197481 1077 -8.55833 0.391782 -0.908288 0.102418 0.975652 -0.132725 -0.141416
1311875691.551846 1078 -8.53168 0.412712 -0.832601 0.124846 0.981023 -0.126624 -0.0772897
1311875691.6877971 1079 -8.49974 0.419098 -0.860026 0.144093 0.982981 -0.112022 -0.020887
1311875691.787883 1080 -8.51945 0.422578 -0.835825 0.160833 0.982691 -0.0890869 0.0226952
1311875691.8878679 1081 -8.54665 0.472649 -0.825391 0.16333 0.982321 -0.0702546 0.0585964
1311875692.0198691 1082 -8.5246 0.485202 -0.811639 0.167515 0.980994 -0.0474886 0.0856395
1311875693.788007 1090 -8.69978 0.419305 -0.624884 -0.017035 0.990872 0.116709 0.0652728
1311875693.8519471 1092 -8.74071 0.401708 -0.643803 -0.0323388 0.989048 0.126668 0.0685069
1311875693.887852 1093 -8.71334 0.402806 -0.627941 -0.0243178 0.98848 0.132699 0.0686126
1311875694.2879469 1105 -8.77565 0.336628 -0.54014 -0.074072 0.979503 0.170031 0.0785972
1311875694.32006 1106 -8.77779 0.345609 -0.520581 -0.0788093 0.979585 0.168428 0.0763851
1311875694.3518701 1107 -8.79088 0.34447 -0.539756 -0.0776605 0.97761 0.173704 0.089853
1311875694.3876131 1108 -8.8403 0.332568 -0.546837 -0.0964867 0.974989 0.172856 0.101029
1311875694.487745 1110 -8.78714 0.358626 -0.577349 -0.0952961 0.974014 0.174485 0.108494
1311875694.5198481 1111 -8.79265 0.381362 -0.611884 -0.0649546 0.976219 0.172339 0.114351
1311875694.5517941 1112 -8.81853 0.356302 -0.568553 -0.0888553 0.972504 0.173846 0.126961
1311875694.5877621 1113 -8.83766 0.374567 -0.572159 -0.0878212 0.971055 0.174571 0.137348
1311875695.187701 1115 -8.89445 0.36797 -0.638746 -0.12171 0.959752 0.200048 0.155059
1311875695.8877211 1116 -8.87758 0.366693 -0.520329 -0.105727 0.958207 0.264744 0.0239029
1311875696.9199941 1117 -8.76007 0.33253 -0.376086 -0.0946499 0.950382 0.296329 -0.00193622
1311875697.655674 1118 -8.62209 0.266062 -0.333116 -0.132775 0.93399 0.314042 0.106822
1311875698.219568 1119 -8.5708 0.320982 -0.331409 -0.113959 0.937247 0.255858 0.207649
1311875698.7556829 1120 -8.45945 0.34696 -0.412274 -0.0789279 0.943346 0.178758 0.268168
1311875698.7876611 1121 -8.44924 0.356433 -0.430735 -0.0626951 0.94499 0.169224 0.272813
1311875698.8197141 1122 -8.43355 0.338384 -0.418744 -0.0734115 0.943859 0.164072 0.277168
1311875698.8557379 1123 -8.42458 0.363786 -0.452319 -0.0763462 0.93835 0.160209 0.296655
1311875698.8876519 1124 -8.35602 0.378232 -0.453701 -0.0573034 0.942284 0.149674 0.293965
1311875700.4557731 1132 -8.1319 0.318454 -0.47732 -0.056502 0.962398 0.124885 0.234524
1311875700.6195099 1137 -8.15656 0.292102 -0.588025 -0.0969239 0.953767 0.156282 0.23772
1311875700.655767 1138 -8.20187 0.289587 -0.632947 -0.107335 0.949535 0.155208 0.250545
1311875700.6876211 1139 -8.222 0.27869 -0.6202 -0.109988 0.947792 0.159296 0.253412
1311875700.719713 1140 -8.20464 0.295253 -0.619912 -0.0967482 0.950733 0.159933 0.247322
1311875700.819813 1142 -8.22119 0.285726 -0.709123 -0.116646 0.942602 0.170995 0.262023
1311875700.8556781 1143 -8.18392 0.321832 -0.682527 -0.102272 0.943411 0.173428 0.263511
1311875701.219588 1144 -8.17828 0.179123 -0.758227 -0.1864 0.9175 0.23767 0.25877
1311875701.5198669 1145 -8.03751 0.186477 -0.795498 -0.187732 0.907253 0.312193 0.210202
1311875702.1197691 1146 -8.27157 0.594342 -1.31063 -0.0729006 0.867416 0.28344 0.402413
1311875702.3876071 1147 -7.85664 0.370205 -1.17311 -0.181968 0.906771 0.239513 0.295446
1311875702.4876561 1148 -7.83827 0.393171 -1.15415 -0.160476 0.926634 0.20653 0.270078
1311875702.6196461 1149 -7.85425 0.432732 -1.1094 -0.108877 0.947391 0.165494 0.251411
1311875702.755579 1150 -7.81258 0.441355 -1.07606 -0.0949922 0.96077 0.143248 0.217662
1311875702.7877519 1151 -7.76992 0.447632 -1.04792 -0.0992831 0.966017 0.137674 0.194935
1311875702.819593 1152 -7.80818 0.41502 -0.982404 -0.0942966 0.965822 0.139504 0.197067
1311875703.287631 1156 -7.68284 0.352894 -0.870586 -0.115078 0.983654 0.117216 0.0737727
1311875704.087486 1158 -7.50005 0.286943 -1.04241 -0.0696715 0.980419 0.151186 -0.105199
1311875704.457263 1159 -7.27619 0.264026 -1.04762 -0.0798909 0.968404 0.167275 -0.166824
1311875704.6554201 1160 -7.19624 0.273213 -1.07247 -0.0437178 0.962852 0.167907 -0.206908
1311875705.223845 1162 -6.93888 0.300972 -1.07382 -0.0559215 0.955297 0.185678 -0.22317
1311875705.587842 1163 -6.84439 0.281787 -1.0955 -0.0808789 0.95233 0.200194 -0.215518
1311875706.023515 1164 -6.67153 0.30185 -1.21432 -0.03706 0.949405 0.190232 -0.24712
1311875706.3235769 1165 -6.56096 0.324488 -1.27001 -0.0347578 0.951873 0.178174 -0.246949
1311875707.52753 1168 -6.14077 0.290979 -1.54473 -0.0151205 0.956506 0.217177 -0.19417
1311875707.855511 1169 -6.05067 0.251224 -1.53074 -0.0195773 0.967044 0.222649 -0.12194
1311875707.9249411 1170 -6.09362 0.278906 -1.61817 -0.00789638 0.971368 0.211542 -0.107854
1311875708.0268791 1171 -6.08044 0.268789 -1.59203 -0.00982421 0.974385 0.20561 -0.0905622
1311875708.1258931 1172 -6.06021 0.272794 -1.61564 0.00865152 0.975815 0.196471 -0.095447
1311875708.2875509 1173 -6.06217 0.365556 -1.76613 0.0304028 0.973531 0.195587 -0.114279
1311875709.1239669 1177 -5.75862 0.408573 -1.9312 -0.0308682 0.947783 0.148689 -0.280439
1311875709.187618 1178 -5.73176 0.406616 -1.94178 -0.032188 0.945186 0.147053 -0.289763
1311875709.3267219 1181 -5.7029 0.390202 -1.92623 -0.0427669 0.935169 0.14904 -0.318461
1311875709.555496 1183 -5.57939 0.395125 -2.00821 -0.036915 0.908423 0.146312 -0.389869
1311875709.687469 1184 -5.5466 0.421775 -2.05917 -0.0429524 0.902484 0.153903 -0.39999
1311875709.830898 1186 -5.53389 0.438812 -2.12193 -0.0427882 0.895879 0.160357 -0.412135
1311875709.9255719 1187 -5.48051 0.423749 -2.10622 -0.0511713 0.889096 0.163515 -0.424443
1311875709.9874251 1188 -5.47827 0.454093 -2.15395 -0.0456838 0.884812 0.159589 -0.435377
1311875710.6235039 1190 -5.32753 0.503207 -2.32767 -0.0204939 0.869667 0.173763 -0.46159
1311875711.0234661 1191 -5.21193 0.511861 -2.37498 -0.0359193 0.890897 0.173895 -0.418058
1311875711.255528 1192 -5.15068 0.530639 -2.39753 -0.015084 0.907811 0.17633 -0.380209
