0.007052
0.004173
0.01919
0.021223
0.021006
0.025721
0.034882
0.040695
0.039773
0.058531
0.085816
0.098279
0.115361
0.107669
0.104252
0.102202
0.09906
0.10148
0.148501
0.134494
0.123493
0.111233
0.130903
0.163568
0.15898
0.14784
0.145143
0.188773
0.230343
0.209814
0.276271
0.252964
0.277912
0.234508
0.339266
0.296556
0.34362
0.407636
0.422974
0.395871
0.346247
0.364943
0.451678
0.433114
0.479514
0.485985
0.344057
0.545591
0.552655
0.537043
0.541697
0.524557
0.459165
0.348251
0.332552
0.431619
0.348499
0.39931
0.405578
0.352546
0.432384
0.353661
0.440678
0.374441
0.462638
0.425905
0.423212
0.387112
0.415084
0.433015
0.527045
0.595086
0.6375
0.627764
0.510119
0.473014
0.425831
0.253313
0.225325
0.457295
0.238253
0.197913
0.091532
0.093168
0.099709
0.09206
0.086162
0.100368
0.100991
0.107648
0.23192
0.023319
0.54693
0.451754
0.406119
0.483774
0.448297
0.455599
0.364915
0.278395
0.325108
0.234045
0.101708
0.089646
0.106233
0.18965
0.039724
0.282117
0.101889
0.488267
0.10225
0.48056
0.444033
0.489607
0.399577
0.362368
0.420444
0.404094
0.399937
0.379857
0.418804
0.505614
0.449545
0.69048
0.370954
0.340018
0.285859
0.291954
0.263145
0.260183
0.313574
0.50238
0.69285
0.517192
0.035917
0.398443
0.240432
0.029486
0.20349
0.091638
0.218707
0.049962
0.120637
0.219901
0.120342
0.113582
0.132236
0.248191
0.053493
0.123124
0.282336
0.060829
0.045384
0.124219
0.136552
0.304214
0.050758
0.0396
0.129308
0.142507
0.314691
0.051427
0.046258
0.12258
0.252629
0.130443
0.05987
0.242412
0.122773
0.128482
0.283697
0.046312
0.12498
0.129219
0.288878
0.031322
0.138113
0.147185
0.133814
0.171967
0.396426
0.290053
0.310775
0.337323
0.368204
0.055193
1.08144
0.996862
1.12836
1.17142
1.193
1.11058
1.01133
1.0597
1.08162
1.35713
1.12713
1.17525
1.12495
1.16494
1.0345
1.01798
1.01546
0.891064
0.866073
0.176855
0.11807
0.117504
0.248672
0.028921
0.114894
0.244231
0.426365
0.359011
1.17945
0.806033
1.11592
0.902756
0.773818
0.648749
0.524677
0.484585
0.584486
0.483477
0.415581
0.433427
0.513392
0.783945
0.888387
0.995491
1.01761
1.10247
0.835801
0.640782
0.700338
0.685382
0.576211
0.513466
0.317144
0.361577
0.511818
0.293757
0.361632
0.351765
0.300205
0.320386
0.291288
0.329599
0.348663
0.280776
0.335101
0.380335
0.386432
0.328142
0.297712
0.281521
0.090571
0.222698
0.111873
0.093181
0.10678
0.125002
0.127806
0.180854
0.090489
0.097579
0.093366
0.117443
0.256313
0.044554
0.111598
0.121319
0.288545
0.476204
0.477989
0.422998
0.131492
0.419929
0.308259
0.135739
0.193819
0.315387
0.059091
0.142295
0.13874
0.156056
0.246715
0.250766
0.200788
0.13705
0.126826
0.121823
0.125049
0.12626
0.127507
0.123811
0.129643
0.129198
0.13184
0.130457
0.123388
0.280539
0.130132
0.129041
0.123613
0.130915
0.114087
0.254068
0.047944
0.766128
0.201379
0.767722
0.824487
0.613392
0.58183
0.827856
0.685189
0.249928
0.055562
0.346849
0.032962
0.252865
0.05211
0.158181
0.153133
0.205803
0.171057
0.102959
0.237784
0.185811
0.130185
0.124685
0.132681
0.276328
0.033019
0.136573
0.134237
0.137151
0.132042
0.136263
0.144696
0.153418
0.144668
0.158523
0.156488
0.173413
0.073816
0.192966
0.079802
0.171185
0.197872
0.072543
0.210988
0.070063
0.241673
0.076818
0.087631
0.263321
0.087783
0.089082
0.088601
0.100079
0.128622
0.266335
0.107581
0.098166
0.110984
0.128375
0.24679
0.114003
0.116953
0.118626
0.122611
0.127762
0.280431
0.11993
0.118136
0.136412
0.134807
0.145131
0.132508
0.147212
0.153488
0.13915
0.153997
0.136962
0.156172
0.158256
0.155082
0.156071
0.15559
0.152898
0.159756
0.164311
0.154562
0.1643
0.170128
0.176218
0.135353
0.189433
0.176002
0.167549
0.189587
0.181918
0.255488
0.174643
0.183868
0.175473
0.209111
0.239701
0.178776
0.176524
0.209511
0.205432
0.204386
0.197839
0.195861
0.217217
0.208621
0.220604
0.198704
0.237872
0.210919
0.232756
0.208049
0.22727
0.216267
0.225919
0.202313
0.227939
0.179251
0.164115
0.175023
0.195349
0.19387
0.185701
0.171292
0.199714
0.180338
0.190522
0.190724
0.18267
0.213479
0.187711
0.176485
0.391091
2.1459
0.066332
0.041404
1.14538
1.2241
0.955388
0.940106
0.855748
0.884952
0.702947
0.381825
0.557013
0.553338
0.585194
0.582875
0.11827
0.133807
0.338586
0.044391
0.380257
0.416599
0.201187
0.139901
0.14764
0.3398
0.042432
0.160552
0.15797
0.13571
0.134332
0.136293
0.347366
0.203773
0.130869
0.113222
0.143266
0.142924
0.05827
0.14174
0.149525
0.145499
0.146222
0.142246
0.147848
0.164667
0.070863
0.16653
0.159486
0.378862
0.130247
0.181531
0.373522
0.660601
0.544965
0.334109
0.420325
0.229418
0.26722
0.521281
0.556536
0.693452
0.570508
0.684978
0.669012
0.727614
0.759008
0.39991
0.549566
0.046328
0.250241
0.134805
0.130844
0.135341
0.13413
0.119869
0.204767
0.119908
0.211585
0.122981
0.247971
0.042309
0.091668
0.108565
0.197224
0.043476
0.198448
0.026394
0.207133
0.029818
0.102832
0.20828
0.034689
0.096849
0.355974
0.669675
0.062522
0.136001
0.313134
0.23685
0.212539
0.141687
0.210585
0.135502
0.062418
0.136853
0.127037
0.143605
0.166839
0.040227
0.148249
0.150861
0.066587
0.13564
0.13925
0.146758
0.064016
0.540961
1.23121
0.978646
0.794915
0.726352
0.610705
0.558433
0.486087
0.389981
0.458844
0.745643
0.62156
0.912483
0.430509
0.031227
0.14315
0.2695
0.124705
0.236957
0.050378
0.254512
0.041836
0.274329
0.525242
0.908398
0.817967
0.900571
0.831691
0.86371
0.864731
0.833897
0.81777
0.773706
0.795826
0.824406
0.888154
0.028444
0.560329
0.411496
0.053538
0.275026
0.269392
0.041961
0.208912
0.112022
0.228291
0.107774
0.127062
0.226073
0.254422
0.031591
0.185991
0.135092
0.392848
0.056257
0.38502
0.261512
0.061673
0.181655
0.173339
0.232996
0.337067
0.042747
0.167397
0.173681
0.135874
0.638254
1.14767
1.49828
1.05625
1.02891
0.6974
0.618554
0.681492
0.816268
0.747862
0.77408
0.701743
0.686839
0.756524
0.592475
0.380098
0.997303
0.148303
0.551052
0.725249
0.740209
0.654131
0.62853
0.688144
0.657787
0.92985
0.659357
0.503157
0.230927
0.350444
0.141684
0.124862
0.481945
0.629833
0.037703
0.170089
0.173611
0.143545
0.126567
0.28666
0.228471
0.143223
0.30168
0.035636
0.163239
0.160277
0.340178
0.153071
0.139071
0.371869
0.293291
0.67075
0.615378
1.22422
1.18363
1.28136
1.0806
0.793614
0.70444
0.801201
0.61311
0.659635
0.647732
0.508608
0.639656
0.347801
0.025435
0.110452
0.096678
0.109799
0.188734
0.044883
0.096289
0.110597
0.174266
0.092164
0.089355
0.079789
0.172399
0.09158
0.165643
0.096963
0.075957
0.204194
0.02113
0.116693
0.109237
0.114579
0.225881
0.038738
0.103597
0.118785
0.398879
0.024072
0.327119
0.036156
0.135249
0.227288
0.144683
0.052344
0.124473
0.128549
0.12827
0.319977
0.041302
0.081455
0.12478
0.118811
0.116968
0.213626
0.052878
0.22816
0.036637
0.117099
0.120766
0.327442
0.02173
0.142735
0.127521
0.150984
0.129244
0.134705
0.085856
0.146319
0.118927
0.131155
0.120778
0.106137
0.145822
0.10077
0.167043
0.100909
0.101528
0.096573
0.126515
0.125039
0.117287
0.214066
0.122424
0.133132
0.128317
0.122562
0.112622
0.14028
0.139773
0.061677
0.148508
0.146492
0.854402
0.735507
0.786652
0.839651
0.676583
0.796681
0.868272
0.563855
0.046419
0.567823
0.177723
0.161062
0.272083
0.064363
0.169885
0.256131
0.051167
0.173667
0.062411
0.15841
0.151685
0.20937
0.065275
0.174967
0.184678
0.082294
0.196441
0.071801
0.204028
0.062848
0.185299
0.08231
0.198682
0.207184
0.061553
0.213915
0.057225
0.228588
0.071343
0.083287
0.208511
0.091611
0.076219
0.240737
0.064745
0.115565
0.251679
0.082864
0.053635
0.218555
0.066195
0.229349
0.063759
0.213023
0.072266
0.159889
0.170667
0.061516
0.206962
0.062256
0.168682
0.188502
0.067503
0.182548
0.058244
0.146844
0.139749
0.149869
0.073786
0.159703
0.152247
0.145315
0.152878
0.146375
0.160586
0.162806
0.165695
0.160793
0.155248
0.163526
0.174443
0.202831
0.542675
0.164921
0.399929
2.24884
0.13564
0.079329
0.61241
0.41801
0.395013
0.42515
0.25008
0.462894
0.226067
0.758046
1.08472
0.253797
0.242048
0.256799
0.092688
0.254096
0.090122
0.237487
0.085114
0.082062
0.204772
0.221554
0.088738
0.206922
0.24788
0.105074
0.246199
0.249358
0.084071
0.240498
0.091626
0.245636
0.088723
2.09514
1.48299
2.50314
3.43259
2.62724
2.05872
1.62534
2.0729
0.088214
0.204622
0.523928
0.982765
0.108227
0.076404
0.058106
0.078537
0.083322
0.624808
0.331531
0.602348
0.170549
0.310209
0.217097
0.083661
0.204185
0.099061
0.19572
0.120432
0.215583
0.106527
0.217565
0.089256
0.226774
0.099642
0.348354
0.134027
0.152717
0.270418
0.100053
0.121798
0.352614
0.113674
0.131862
0.110629
0.147436
0.299081
0.146932
0.141177
0.134852
0.160518
0.350786
0.147654
0.126585
0.368304
0.414958
0.411585
0.394053
1.08034
1.22701
3.4782
2.17346
2.2164
2.7751
2.3259
0.468373
1.23952
0.27771
0.469054
0.117254
0.121908
0.393332
0.17322
0.371338
0.09708
0.258115
0.239792
0.266174
0.129955
0.092166
0.134812
0.270753
0.104524
0.12708
0.137972
0.349732
0.097664
0.143794
0.316736
0.120539
0.120737
0.339574
0.331513
0.127696
0.342977
3.27511
0.133914
0.122288
0.163418
0.503019
0.364502
0.108872
0.282368
0.110842
0.143799
0.386474
0.133137
0.110061
0.249843
0.357599
0.139461
0.123634
0.146141
0.161857
0.142605
0.18252
0.398865
0.139382
0.424656
0.420546
0.175606
0.431223
0.146963
0.179145
0.421057
2.01704
3.65529
2.54217
2.33678
1.65153
0.459098
0.53208
0.530195
0.182657
0.501228
0.204225
0.095594
0.423735
0.219545
0.234565
0.284983
1.18304
3.02725
4.10137
3.55683
2.24609
1.10969
0.943175
0.437638
0.071765
0.190722
0.197572
0.400228
1.45748
0.399182
0.526927
0.910598
0.913112
0.423414
0.835153
0.117624
0.384071
0.108919
0.121808
0.118361
0.255449
0.034285
0.108321
0.253029
0.100755
0.936071
0.753774
0.810612
0.834945
0.495153
0.476909
0.617561
0.457957
0.371815
0.348336
0.48201
0.402333
0.380789
0.381365
0.257644
0.300655
0.355041
0.28596
0.36593
0.341802
0.405455
0.593674
0.624262
0.306551
0.184604
0.050336
0.221701
0.033292
0.12685
0.123297
0.120631
0.131217
0.118167
0.25241
0.041177
0.109032
0.11713
0.143702
0.140844
0.171383
0.07511
0.176129
0.15076
0.265461
0.107206
0.117193
0.126962
0.131284
0.1284
0.742955
0.630073
0.719214
0.768632
0.567454
0.601994
0.121427
0.137124
0.135887
0.128605
0.726908
0.698942
0.758582
0.345414
0.678404
0.034778
0.119728
0.129484
0.127216
0.135408
0.056699
0.131376
0.129371
0.148826
0.068029
0.135277
0.169812
0.153466
0.165712
1.19806
0.839165
1.07063
0.668888
0.623838
0.735156
0.516409
0.26833
0.049761
0.849953
0.384656
0.262658
0.910695
1.54092
1.37589
1.38306
1.02486
1.27394
1.34432
1.34177
1.65509
1.56043
1.62206
1.64324
1.5606
1.14421
0.333917
0.432516
0.370169
0.637489
1.23164
1.35833
0.578942
0.432278
0.213622
0.064007
0.213028
0.181129
0.622858
0.871148
0.410628
0.243689
0.666499
0.342976
0.249357
0.96408
2.17648
1.84101
1.32441
1.20395
0.432357
0.228703
0.044011
0.231507
0.048909
0.175705
0.184411
0.063397
0.17258
0.051357
1.70574
1.32307
1.21982
0.765321
0.715853
0.736261
0.767761
0.799129
0.11115
0.127943
0.380693
0.048132
0.303838
0.085846
0.308451
0.033
0.118007
0.232205
0.114158
0.124579
0.116219
0.134345
0.14924
0.060877
0.148996
0.141865
0.152502
0.131743
0.174579
0.207173
0.507784
0.6488
0.50247
0.706781
0.875002
0.319004
0.161237
0.186497
0.197824
0.18943
0.035137
0.193319
0.052683
0.179236
0.198287
0.287357
0.042667
0.157371
0.177309
0.065699
0.214011
0.199365
0.059432
0.168426
0.055284
0.164995
0.067496
0.199946
0.178464
0.075199
0.173697
0.189888
0.095509
0.158326
0.183456
0.058318
2.08171
1.24145
1.15997
1.10789
0.958231
1.07305
1.27205
1.46189
1.25765
0.883265
0.717115
0.199399
0.34164
0.213194
0.05432
0.14661
0.158341
0.142035
0.225455
0.104827
0.332708
0.116135
0.255559
0.188182
0.07466
0.188013
0.064177
0.26539
2.48425
1.14045
0.807704
1.12267
0.705556
0.549364
0.499525
0.36726
0.69809
0.695088
0.75069
0.750453
0.758751
0.798046
0.888937
1.12136
0.921765
1.34016
1.48974
1.82086
1.77606
1.72172
1.73569
2.19474
2.031
1.98263
1.48264
0.853482
0.828156
0.603049
0.477259
0.519164
0.562798
0.494787
0.358417
0.636913
0.514903
0.724364
1.61853
1.7334
1.1996
1.08604
1.51292
1.34593
1.25924
1.18174
0.810574
0.661748
1.06679
0.80332
0.800585
0.580981
0.146358
0.609247
0.771055
0.549405
0.560967
0.567588
0.674836
0.66332
0.653273
0.679022
0.609566
0.643063
0.587425
0.624118
0.5493
0.568104
0.668998
0.736907
0.759706
1.04017
1.21162
1.17516
1.29672
1.43379
