0 0 0
1 9 659
2 18 978
3 24 1281
4 25 1336
5 26 1404
6 27 1486
7 29 1557
8 29 1557
9 29 1557
10 30 1638
11 33 1714
12 35 1746
13 35 1789
14 37 1886
15 38 1898
16 40 2032
17 41 2088
18 43 2121
19 43 2125
20 46 2235
21 49 2239
22 53 2286
23 56 2425
24 60 2575
25 63 2672
26 66 2814
27 76 3215
28 79 3351
29 80 3490
30 83 3679
31 93 3728
32 97 3742
33 100 3756
34 102 3802
35 104 3924
36 104 4011
37 108 4005
38 108 4027
39 109 4038
40 112 4084
41 114 4175
42 122 4462
43 122 4481
44 125 4558
45 124 4776
46 126 4980
47 127 4882
48 129 5004
49 130 5052
50 131 5087
51 132 5144
52 133 5198
53 134 5281
54 136 5411
55 137 5522
56 139 5807
57 139 5916
58 139 5899
59 140 5951
60 142 6046
61 147 6078
62 153 6046
63 155 6092
64 155 6113
65 156 6189
66 130 6254
67 114 5069
68 116 5025
69 117 5071
70 119 5035
71 120 5081
72 122 5157
73 124 5276
74 126 5319
75 129 5340
76 130 5502
77 131 5572
78 131 5533
79 134 5681
80 136 5754
81 137 5809
82 122 5893
83 116 5115
84 136 6006
85 152 6225
86 155 6429
87 159 6473
88 166 6485
89 164 6495
90 166 6481
91 166 6468
92 167 6577
93 159 6230
94 169 6427
95 184 6486
96 200 6619
97 215 6705
98 229 6847
99 235 6952
100 245 6987
101 256 7040
102 268 7109
103 235 7124
104 176 6750
105 178 6971
106 155 7123
107 124 6365
108 125 6427
109 126 6002
110 128 6111
111 135 6218
112 142 6491
113 152 6703
114 131 6543
115 122 5570
116 124 4845
117 124 4824
118 126 4865
119 128 4884
120 130 4958
121 137 5139
122 139 5364
123 144 5631
124 154 5613
125 155 5541
126 158 5668
127 160 5690
128 162 5702
129 164 5818
130 165 5892
131 167 6059
132 159 6242
133 160 5907
134 159 5975
135 161 6334
136 162 6397
137 164 6456
138 166 6519
139 168 6694
140 175 6768
141 178 6855
142 179 6861
143 178 6909
144 178 6988
145 179 7331
146 180 7459
147 181 7488
148 183 7574
149 192 7632
150 195 7826
151 198 8028
152 201 8216
153 204 8312
154 206 8438
155 225 9172
156 234 9449
157 234 9532
158 237 9581
159 238 9635
160 257 9765
161 270 11598
162 273 11772
163 275 11850
164 278 12195
165 295 12418
166 309 12500
167 325 12820
168 338 13195
169 354 13752
170 346 13696
171 348 12354
172 350 12426
173 355 12689
174 371 12998
175 387 13351
176 404 13720
177 420 14374
178 422 14502
179 411 14493
180 416 14710
181 419 14488
182 431 14684
183 441 14632
184 442 14638
185 443 14654
186 444 14672
187 439 14650
188 407 14653
189 408 13126
190 410 13268
191 395 13414
192 403 13549
193 405 12897
194 418 13145
195 449 14358
196 459 14392
197 449 14596
198 433 14248
199 434 13791
200 434 13786
201 435 13885
202 436 13878
203 427 13858
204 368 13626
205 377 13702
206 390 12114
207 397 12122
208 382 12185
209 378 11181
210 386 10540
211 393 10735
212 382 10539
213 382 10539
214 382 10714
215 300 10900
216 300 10782
217 294 9163
218 275 8087
219 275 7784
220 276 7853
221 276 7853
222 277 7889
223 277 7889
224 206 8065
225 206 8030
226 171 6489
227 173 5794
228 178 5931
229 180 6041
230 181 6252
231 181 6252
232 183 6414
233 189 6209
234 191 6311
235 195 6341
236 216 7197
237 220 7354
238 224 7574
239 226 7747
240 227 7835
241 235 8112
242 240 8377
243 245 8331
244 244 8299
245 245 8545
246 245 8545
247 245 8649
248 246 8776
249 247 8812
250 252 8662
251 253 8590
252 254 8585
253 263 8851
254 266 8908
255 261 9384
256 274 10920
257 239 10717
258 242 9819
259 238 9586
260 238 9368
261 239 9401
262 239 9589
263 237 9506
264 237 9512
265 238 9551
266 239 9597
267 239 9668
268 243 9759
269 270 10927
270 277 11018
271 249 10894
272 233 10076
273 220 9904
274 221 9213
275 221 9485
276 230 9492
277 232 9600
278 265 9594
279 267 10484
280 254 10865
281 267 10871
282 258 11007
283 246 9618
284 246 8910
285 247 8888
286 256 9384
287 288 10279
288 300 10337
289 302 10284
290 303 10369
291 288 10600
292 275 10089
293 242 9428
294 244 9019
295 249 9233
296 291 9496
297 307 10727
298 267 10698
299 268 9794
300 270 9916
301 273 10073
302 274 10173
303 276 10288
304 277 10359
305 265 10489
306 258 10013
307 259 9931
308 261 9964
309 262 9954
310 263 10065
311 264 10096
312 265 10154
313 266 10179
314 267 10220
315 254 10258
316 253 9627
317 256 9740
318 257 9723
319 260 9852
320 262 9845
321 279 11123
322 292 11781
323 293 11781
324 293 11865
325 293 11572
326 269 11594
327 269 11591
328 255 11450
329 269 10093
330 271 10691
331 272 10724
332 274 10785
333 277 10924
334 280 11100
335 291 11497
336 294 11545
337 298 11563
338 300 11637
339 327 11896
340 345 13271
341 345 13302
342 347 13554
343 347 13573
344 346 13557
345 346 13557
346 346 13557
347 346 13557
348 346 13557
349 346 13557
350 346 13557
351 346 13557
352 346 13557
353 346 13557
354 346 13557
355 346 13557
356 346 13557
357 346 13557
358 346 13557
359 346 13557
360 346 13557
361 346 13557
362 346 13557
363 346 13557
364 346 13557
365 346 13557
366 346 13557
367 346 13557
368 346 13557
369 346 13557
370 346 13557
371 346 13557
372 346 13557
373 346 13557
374 346 13557
375 346 13557
376 346 13557
377 346 13557
378 346 13557
379 346 13557
380 346 13557
381 346 13557
382 346 13557
383 346 13557
