89 7467515 2.5875
93 3970048 1.67419
110 3722172 0.765089
111 1348134 0.585119
125 3721939 1.13973
137 1348134 0.607004
147 4769235 1.35921
150 8270627 1.82045
159 2480637 0.866916
162 3199555 0.983667
164 535250 0.117423
182 4169347 1.39261
185 1559120 0.546114
196 1302305 0.511049
249 3199555 1.35266
261 810153 0.247417
262 6444161 2.73892
277 5899116 1.92849
281 813442 0.28592
289 2480637 0.987977
291 1559092 0.865293
294 2419817 0.784664
297 18387706 10.6462
315 6811208 2.21169
319 2933589 1.10185
321 1329761 0.730853
327 18126256 6.69544
335 3418283 1.05141
338 6582274 3.19555
343 19985151 6.36746
351 11303789 3.25319
384 19985151 6.8482
393 11303789 4.41094
407 6196464 2.4948
412 1302305 0.779038
424 1080648 0.276546
426 12106648 3.42025
432 3647185 1.75668
435 1559092 0.515378
445 2433183 0.867335
448 6785910 2.61281
452 8671079 2.48232
472 10850443 4.10481
478 1875515 0.501565
480 271072 0.172137
482 4805500 1.44642
485 1865107 0.652916
487 2480637 1.41252
490 3199555 0.69001
492 535250 0.14212
499 4343488 2.12963
