92 1256963 0.856159
95 725203 0.911545
111 1165428 0.468164
112 623010 0.406285
126 1156586 0.913807
139 623022 1.02041
149 1730831 0.973725
152 1235989 0.67174
161 897629 0.967949
163 866311 0.754432
164 230591 0.370543
184 1046068 0.98205
186 399092 0.741379
195 232832 0.742939
197 723620 0.962831
251 1268547 1.15893
262 627597 0.771322
266 1638391 1.03418
280 2205830 1.53681
282 463071 0.846797
290 395114 0.979495
293 494664 0.982618
296 890585 0.989995
308 2572286 1.97123
317 1459482 1.04703
320 931750 1.06059
323 443081 1.09979
334 2032890 1.28381
337 987399 1.04236
342 729861 0.774679
350 2634044 1.37341
355 1345538 0.767936
391 2634045 1.55396
398 1345538 1.04565
410 1787163 1.23988
412 232832 0.473787
413 572966 0.941103
425 1075067 0.962089
430 1910388 1.345
434 1009643 0.984208
436 326116 0.918964
447 1460100 1.00328
451 618700 0.926363
455 922171 0.991122
477 2122881 1.25605
479 809417 0.948964
481 603779 0.930348
484 1702264 1.00435
486 643625 0.865032
489 710667 0.8567
491 731707 0.870002
492 172916 0.718193
501 1554673 0.700636
95 1215385 0.643547
96 664502 0.45898
132 1040710 0.317674
150 579330 0.6028
164 1738506 0.9053
166 1259655 0.404085
179 1007324 0.691549
181 800093 0.701795
182 289528 0.507109
202 1193047 0.805683
204 450095 0.471368
216 1199432 0.927246
218 461856 0.342366
231 790114 0.831903
302 1178355 0.938562
311 1010165 0.717219
313 1741134 1.03815
332 2973610 1.30885
334 1255866 1.05925
352 947652 0.917523
354 1698745 1.10738
357 1626659 1.05564
359 539756 0.905354
361 618626 0.938523
368 1368766 1.14685
369 962942 0.831496
371 526501 0.928187
389 1948303 1.16901
391 1223650 1.10257
395 921011 0.810078
408 2359970 0.855985
410 452906 0.345608
411 1248395 0.603573
446 2358324 1.32711
448 452865 0.593972
452 1248395 0.819208
469 1885275 0.902944
471 790117 0.901152
495 2181864 1.36348
497 1148615 0.790335
499 346929 0.708379
516 1290326 0.841845
518 772544 0.860498
521 1258783 0.882527
532 2583676 0.640383
533 882011 0.491632
546 1035605 0.754318
548 1781238 0.946831
549 854380 0.679502
555 801828 0.728768
556 646229 0.734662
557 241893 0.596172
562 1584486 0.816805
589 2206870 0.84693
590 133559 0.54823
99 317271 0.665564
100 211700 0.253494
121 1606009 0.819399
134 1010581 0.61307
136 1519927 0.967554
139 441802 0.927489
154 1419975 1.5903
158 1152529 1.04458
168 693663 0.788072
170 712024 0.926115
179 664604 0.491856
181 795532 0.604019
207 1002388 0.653268
223 1056350 0.901885
224 449342 0.483825
284 1319782 1.31004
287 419986 0.675344
288 528836 1.08023
307 1324664 1.16144
311 1790289 1.85552
324 226678 0.656309
325 612468 0.883178
328 823666 0.857783
330 922347 1.09154
331 604932 0.588818
335 2408707 2.08005
339 1080205 0.992118
349 1511286 1.2918
352 1099579 0.976842
367 1266767 1.06772
372 1589879 1.46868
374 506886 0.826402
377 990727 0.844843
383 1137379 1.13703
389 2534860 1.58357
392 936657 0.730017
418 1136920 0.964809
424 2534860 1.38203
427 936657 0.904259
429 597929 0.586531
437 2016193 1.35866
440 1047011 0.856172
442 367458 0.614933
460 882709 0.951811
464 2023327 2.31782
467 842879 0.984402
484 1988694 1.55062
487 597654 0.873277
489 612520 0.889427
504 960231 0.936989
506 790443 0.90733
508 920499 0.834646
516 380535 0.729521
518 424985 0.68418
519 1635798 0.933452
521 1622482 0.859799
536 1508213 0.889709
537 1467464 1.09725
551 2425861 1.95185
554 6832 0.862235
85 541296 0.898498
99 1313073 0.910723
101 818475 0.583237
117 1308048 0.531927
118 829116 0.399817
136 1308216 0.942998
150 829117 0.949879
165 576404 0.694001
167 1592372 1.04524
170 981193 0.710071
180 382523 0.700836
181 1513014 0.698325
183 612312 0.576576
213 1339295 1.12849
214 85683 0.573563
226 349165 0.789864
228 791895 0.831286
294 580809 0.699873
295 677303 0.841106
311 1974039 1.20172
337 2774525 1.67836
356 1124933 0.675482
359 2566193 1.70203
369 1018664 0.996896
370 97401 0.538414
373 1366166 1.21655
376 1158415 0.934006
377 458818 0.731484
397 2335675 1.73716
400 1738084 0.909174
404 769159 0.823354
418 2685507 0.593279
420 1369175 0.468502
465 1977724 1.33711
467 349165 0.737824
468 670517 0.867699
500 2179870 1.48567
503 1317211 1.10049
505 85707 0.479303
522 1335101 0.830023
524 1041765 0.768416
526 1257745 0.881301
541 2671339 1.49104
543 244735 0.623945
544 590482 0.91854
553 1339887 0.803886
555 1701265 0.649687
560 143339 0.720156
562 1100435 0.728916
564 520978 0.762651
571 1478085 0.8513
598 1924551 1.36261
600 131661 1.26339
110 1408460 0.82805
112 852623 0.456368
150 1415616 0.352774
169 945933 0.924156
184 521179 0.506714
186 1800277 0.841541
188 948869 0.728273
202 1503373 0.701175
203 634151 0.435755
223 1133978 0.756444
225 326102 0.443215
237 1132498 0.893254
238 330669 0.355724
250 764174 0.829613
317 526127 0.72583
319 780849 0.57713
333 1954568 1.28346
335 1060943 0.876472
358 3651393 1.9587
377 904643 0.701347
380 2658846 0.865458
386 947390 0.775264
387 392457 0.454518
394 1258545 0.941233
396 1176190 0.851311
398 520974 0.472213
410 947390 0.922802
412 375582 0.6829
425 2137709 0.658289
427 1539711 0.999276
430 699285 0.471687
441 2466438 0.718017
444 1252614 0.860896
468 526127 0.362603
469 767313 0.414359
495 2139083 1.43364
498 764174 0.803258
500 1864054 1.29786
527 2481608 1.47282
530 1081150 0.876274
531 312594 0.701789
548 1390391 1.18924
550 1707228 1.53493
554 1863037 0.918847
565 2410766 1.19694
567 571286 0.678094
568 717647 0.816153
570 408098 0.910628
577 1020345 0.794311
579 2018180 0.331785
580 952076 0.318225
587 1156894 0.786985
589 513044 0.54606
592 1352709 0.873611
594 714746 0.660247
620 1728781 0.383242
621 357096 0.067166
89 630015 0.655328
101 1284755 0.811629
103 745154 0.699938
138 1202145 0.978028
151 835414 1.14421
163 484919 0.668952
166 1801132 1.01176
170 1058298 1.07735
176 333284 0.63424
178 1519524 0.797739
179 650730 0.595333
204 1308341 0.941111
215 721523 0.949444
262 486211 0.599078
263 784954 0.905546
273 1052819 0.921458
294 1971836 0.923587
296 917518 0.692376
316 962142 0.883048
317 383484 0.818227
321 3203712 1.79573
337 1313524 1.02857
339 1050178 0.961841
341 326244 0.638419
359 2145756 0.814054
362 1449808 0.960018
366 787685 0.969415
380 1644196 0.912518
381 364167 0.237585
383 1444240 1.04349
434 2097580 0.901619
436 721523 0.8223
458 925107 0.887396
461 1974025 0.570261
462 1287612 0.849508
484 1605059 0.818584
485 260954 0.612222
486 1126049 0.709274
488 528329 0.569737
508 1186787 0.822251
510 1258475 0.925442
514 835676 0.679282
526 2276151 1.03017
538 1793938 1.12637
540 928433 0.781876
546 232984 0.633088
548 1059285 0.868078
550 416278 0.531165
552 86991 0.619276
562 1712851 0.981007
563 639445 0.714935
94 1241302 0.694966
96 648630 0.290894
129 1187984 0.951497
140 649837 0.588887
152 739445 0.654363
154 1516673 1.30521
157 980123 0.879743
164 386729 0.714169
166 1416943 0.633578
167 572198 0.620757
180 1141926 0.928192
197 1120035 0.927879
207 596917 0.900484
257 737798 0.85592
259 609512 0.891531
80 693292 0.733729
92 1258460 1.03401
94 750607 0.618005
126 1171023 1.00335
137 935657 1.03046
150 818333 0.736069
152 1612579 1.03888
154 901831 0.925674
162 328144 0.462476
163 1351381 0.886322
165 643952 1.14043
191 1353183 1.15875
200 823869 1.00595
257 819606 1.13867
259 522922 1.05614
261 1254878 1.03613
263 946858 0.750079
272 2405572 1.64527
285 447336 0.973885
291 2987442 1.62724
304 1268613 1.04045
307 1024847 1.17247
309 430953 1.14119
320 2118435 0.986196
323 1489301 0.814982
326 828489 0.901816
336 1332976 0.994856
339 874562 0.91361
341 1503015 1.27125
354 2179122 1.27589
356 823230 0.638563
387 2179690 1.00188
388 823869 0.607922
408 1903639 1.20468
410 1344467 0.840369
433 1666844 0.890608
435 247313 0.437175
436 1032249 0.806505
438 556142 0.816961
461 1258531 0.906415
463 900051 0.707296
465 851403 0.854036
467 675099 0.942149
476 1658983 0.826102
477 1753023 0.798011
487 404803 0.53925
489 855547 0.43873
490 329317 0.391311
492 171300 0.435635
493 991796 0.667434
494 1847653 0.874741
520 2009590 1.51272
104 1261715 0.759671
106 780577 0.440924
127 1269501 0.458421
128 723365 0.343322
145 1269096 0.862198
159 722367 0.836433
175 1954339 0.87234
178 1239157 0.456828
188 298668 0.352824
189 1439152 0.754851
191 869426 0.40502
191 199293 0.357919
221 1076583 0.69675
221 156808 0.479149
235 316845 0.462841
236 747827 0.624669
294 1367774 0.810226
310 1440374 0.938321
312 1249122 0.939437
334 2902459 1.45601
342 869506 0.874388
342 124086 0.736854
355 869506 0.882521
356 124086 0.610359
366 915757 0.922464
370 3063536 2.15506
378 1451617 0.988127
381 1046453 0.915598
382 367615 0.978479
397 2331953 1.25723
400 1220095 0.936751
402 585791 0.473203
417 2732251 0.549297
418 1342196 0.728026
470 2112974 1.20297
472 316845 0.689692
474 527070 0.677482
500 2039533 1.20892
503 1070841 0.923144
505 1048968 0.805123
506 151402 0.777935
519 1812669 1.435
522 247998 0.662538
524 1100809 0.644538
525 746627 0.219097
525 163258 0.217184
539 1271818 0.894616
541 1150798 0.859864
544 575204 0.77329
554 2334036 0.918999
566 1835338 0.878584
568 1024163 0.848757
586 1754723 1.05998
588 721817 0.615707
602 1248222 1.04231
604 1948384 1.85183
