0.053345
0.029066
0.020358
0.022367
0.042715
0.018637
0.024321
0.021074
0.021427
0.021314
0.019056
0.018368
0.021765
0.023725
0.027581
0.03895
0.021135
0.041422
0.030585
0.038188
0.020525
0.039683
0.023306
0.037949
0.02178
0.037668
0.02199
0.03994
0.021269
0.037244
0.020239
0.056519
0.028278
0.039231
0.028889
0.040302
0.023131
0.025559
0.047042
0.043636
0.024085
0.042964
0.039771
0.026913
0.026914
0.049692
0.036746
0.046277
0.025914
0.026208
0.046141
0.024921
0.024542
0.029352
0.02625
0.02256
0.02357
0.023784
0.023867
0.023988
0.047879
0.051829
0.026805
0.035157
0.026782
0.026262
0.024424
0.05452
0.026661
0.025648
0.02611
0.026504
0.025564
0.078169
0.052921
0.027431
0.026964
0.024737
0.026667
0.02738
0.027862
0.027098
0.025616
0.026524
0.029132
0.02976
0.028613
0.025508
0.025803
0.025147
0.025704
0.02864
0.026748
0.027063
0.04851
0.051953
0.027762
0.027136
0.028218
0.025018
0.024962
0.024224
0.069105
0.073411
0.027077
0.027189
0.026272
0.052588
0.053446
0.05258
0.027366
0.027742
0.029276
0.03041
0.027512
0.028152
0.034617
0.028243
0.027661
0.027651
0.028124
0.028385
0.024948
0.026036
0.029112
0.027125
0.025575
0.026523
0.028091
0.027659
0.029082
0.029653
0.027947
0.031303
0.029179
0.028198
0.029065
0.029286
0.028725
0.027964
0.028285
0.026902
0.028492
0.026602
0.027245
0.03438
0.028891
0.0297
0.028765
0.037159
0.034055
0.026176
0.030546
0.028603
0.031819
0.028972
0.055752
0.060023
0.041225
0.026511
0.028741
0.056324
0.059536
0.028277
0.029381
0.028653
0.063253
0.063637
0.06016
0.031615
0.02786
0.033666
0.03003
0.029265
0.064163
0.062235
0.03022
0.065366
0.06585
0.052214
0.029174
0.030137
0.029692
0.030249
0.029558
0.056883
0.060255
0.060876
0.061211
0.030257
0.029673
0.030614
0.029848
0.053932
0.060698
0.065179
0.053941
0.03121
0.03065
0.05903
0.06413
0.043447
0.029529
0.031577
0.03002
0.03203
0.029029
0.055739
0.05747
0.035553
0.029138
0.05857
0.061579
0.034292
0.02789
0.029701
0.029249
0.029185
0.060611
0.059027
0.061139
0.049956
0.029662
0.056209
0.057649
0.064077
0.048781
0.028512
0.028608
0.027983
0.028229
0.029249
0.025887
0.056898
0.055277
0.061328
0.065085
0.029502
0.064095
0.059974
0.0535
0.039099
0.029052
0.060179
0.030439
0.030773
0.028964
0.05868
0.060262
0.068604
0.058548
0.049852
0.058721
0.065064
0.064837
0.063764
0.071911
0.02944
0.030946
0.032913
0.027401
0.060329
0.059446
0.061087
0.058667
0.050904
0.063113
0.064166
0.061797
0.06881
0.059727
0.05651
0.065479
0.061799
0.064371
0.051013
0.060741
0.066685
0.063658
0.059854
0.03029
0.059365
0.063108
0.055578
0.05936
0.065176
0.044688
0.030381
0.031007
0.032534
0.05459
0.061724
0.064291
0.057915
0.06174
0.060374
0.048541
0.062345
0.062787
0.064312
0.037834
0.062661
0.064302
0.065027
0.0285
0.060065
0.068588
0.031653
0.062454
0.067337
0.065972
0.056348
0.064301
0.061158
0.046671
0.057745
0.064347
0.06652
0.059109
0.030478
0.061246
0.062527
0.056167
0.031593
0.061543
0.063924
0.06442
0.063862
0.043092
0.059913
0.066399
0.066371
0.071104
0.059949
0.068652
0.060347
0.062503
0.062384
0.061495
0.059636
0.037148
0.058987
0.057445
0.05902
0.054242
0.027881
0.059072
0.056582
0.06108
0.057613
0.032338
0.080835
0.078482
0.082392
0.056549
0.078904
0.082602
0.080226
0.080581
0.063182
0.083037
0.079649
0.082782
0.086494
0.089026
0.077928
0.077289
0.0813
0.084114
0.076132
0.079902
0.082028
0.079429
0.070357
0.076314
0.074191
0.076021
0.057378
0.053613
0.057647
0.061631
0.046487
0.040843
0.028546
0.053453
0.06495
0.065734
0.061585
0.071237
0.057294
0.056446
0.050969
0.063075
0.056754
0.059881
0.064508
0.055615
0.070226
0.061598
0.056159
0.06081
0.059832
0.061145
0.064888
0.066767
0.0653
0.066332
0.081299
0.058332
0.05604
0.058717
0.046579
0.042776
0.032647
0.03276
0.039757
0.062535
0.063824
0.066494
0.069561
0.035155
0.036583
0.033996
0.028496
0.030807
0.034487
0.065372
0.063758
0.054695
0.03517
0.03603
0.06651
0.071401
0.067691
0.071096
0.050496
0.061016
0.06322
0.061531
0.057215
0.034534
0.066517
0.069458
0.064495
0.055265
0.03456
0.030445
0.058584
0.065498
0.071027
0.076805
0.065824
0.068317
0.062941
0.065143
0.057163
0.062204
0.068174
0.06327
0.05866
0.05911
0.068946
0.063721
0.068725
0.075439
0.068553
0.064021
0.055681
0.054499
0.066257
0.030475
0.064295
0.059493
0.05817
0.05449
0.05591
0.037446
0.054345
0.059695
0.057044
0.057522
0.030169
0.061754
0.059177
0.059668
0.058209
0.036152
0.058881
0.051502
0.072059
0.031206
0.051389
0.055473
0.050904
0.031843
0.031196
0.057996
0.053345
0.049772
0.047264
0.057234
0.056891
0.058095
0.056577
0.028511
0.05503
0.050994
0.05002
0.056734
0.029058
0.029133
0.030518
0.02828
0.027415
0.0309
0.056883
0.057164
0.056874
0.03423
0.031465
0.026092
0.032919
0.053599
0.053704
0.057676
0.057675
0.033967
0.032162
0.031387
0.031403
0.02861
0.03299
0.02935
0.026956
0.027008
0.030837
0.031276
0.032274
0.029546
0.032799
0.068824
0.060747
0.058996
0.114574
0.033835
0.054353
0.054973
0.056276
0.062962
0.028186
0.081672
0.10694
0.084964
0.081002
0.075282
0.04577
0.058207
0.059897
0.06648
0.032935
0.060606
0.061074
0.063685
0.029798
0.029067
0.028905
0.052848
0.058446
0.053941
0.032148
0.032632
0.032269
0.032199
0.027095
0.053824
0.057157
0.061108
0.031704
0.032532
0.028044
0.028027
0.031489
0.029005
0.028805
0.031049
0.033194
0.031866
0.027597
0.056613
0.071442
0.032394
0.02795
0.029716
0.030925
0.067268
0.033836
0.027259
0.055182
0.054713
0.037453
0.058594
0.070354
0.03521
0.035772
0.036054
0.093949
0.090645
0.101479
0.037546
0.037846
0.034454
0.038334
0.061834
0.070236
0.06486
0.077082
0.09026
0.036501
0.064494
0.068309
0.073597
0.078335
0.07254
0.073314
0.074405
0.076792
0.084405
0.077302
0.080034
0.078834
0.085076
0.079771
0.075653
0.083025
0.079257
0.081468
0.078747
0.085734
0.077516
0.079657
0.073566
0.091948
0.081938
0.081671
0.071719
0.07685
0.092331
0.073484
0.083158
0.074847
0.076624
0.093173
0.076452
0.074849
0.088375
0.096819
0.084872
0.078868
0.077073
0.080145
0.078351
0.100878
0.080193
0.083179
0.080036
0.078
0.094603
0.088389
0.090514
0.094165
0.077171
0.078059
0.082595
0.081424
0.093419
0.080336
0.085462
0.08363
0.084719
0.079529
0.083662
0.087879
0.08968
0.078482
0.084539
0.084869
0.045021
0.077904
0.084529
0.072348
0.072634
0.088106
0.040723
0.090213
0.076304
0.080541
0.075432
0.076389
0.07312
0.068995
0.076661
0.077719
0.073525
0.08081
0.083251
0.076701
0.080025
0.07776
0.077586
0.078038
0.077569
0.069252
0.068775
0.069722
0.069683
0.075768
0.079435
0.07599
0.079081
0.043725
0.075526
0.071992
0.074725
0.07703
0.074292
0.078407
0.081194
0.078964
0.041207
0.035981
0.077668
0.073235
0.081458
0.076374
0.076127
0.071018
0.093523
0.038393
0.04343
0.037734
0.04227
0.0336
0.034607
0.034366
0.046582
0.038792
0.074858
0.073222
0.083185
0.071983
0.07988
0.074731
0.0726
0.071197
0.042352
0.038545
0.036009
0.040292
0.082685
0.079798
0.078736
0.079698
0.072408
0.071996
0.056683
0.08246
0.043402
0.03668
0.11995
0.083813
0.11033
0.111109
0.104397
0.109267
0.108499
0.083828
0.040169
0.078574
0.076491
0.079021
0.081435
0.07997
0.088552
0.085334
0.118528
0.040457
0.074805
0.077023
0.082886
0.090173
0.088839
0.092954
0.083213
0.100525
0.047062
0.089063
0.079444
0.080329
0.095919
0.094948
0.082281
0.11045
0.043186
0.079876
0.080221
0.085656
0.082001
0.092267
0.092069
0.092985
0.132829
0.045266
0.046345
0.046415
0.041111
0.055306
0.091865
0.087168
0.088462
0.088891
0.087554
0.102954
0.060054
0.040641
0.041422
0.037989
0.039693
0.046242
0.046328
0.046042
0.040853
0.040653
0.040479
0.04751
0.086496
0.087344
0.080236
0.110605
0.119256
0.11367
0.038263
0.046961
0.082588
0.083083
0.088534
0.087124
0.08716
0.089599
0.119198
0.046788
0.084805
0.082289
0.097352
0.092932
0.098281
0.071686
0.04721
0.081424
0.076613
0.081442
0.087647
0.086753
0.078755
0.042318
0.079246
0.089493
0.077101
0.0896
0.065787
0.073805
0.073588
0.079051
0.070593
0.077178
0.077926
0.06998
0.072547
0.090292
0.071658
0.076735
0.084568
0.082072
0.073028
0.077329
0.070654
0.073311
0.06289
0.076068
0.04927
0.071103
0.067156
0.064852
0.064594
0.066992
0.108497
0.036102
0.062859
0.070506
0.082469
0.070542
0.071727
0.063521
0.061943
0.064687
0.064915
0.077174
0.041797
0.069869
0.065062
0.075622
0.076904
0.079075
0.073311
0.054735
0.077848
0.032023
0.034101
0.126864
0.077603
0.084283
0.084587
0.080957
0.097424
0.036289
0.033726
0.066154
0.074901
0.091714
0.082169
0.067258
0.061246
0.04479
0.034309
0.031683
0.032747
0.032733
0.06518
0.073184
0.068945
0.081897
0.058222
0.063701
0.063603
0.063883
0.097752
0.062298
0.082827
0.087295
0.079259
0.058601
0.027981
0.033154
0.037598
0.035693
0.037172
0.060749
0.087914
0.091849
0.048764
0.034098
0.063302
0.064492
0.063479
0.07065
0.056951
0.058883
0.032339
0.033496
0.033796
0.034918
0.036851
0.056752
0.050496
0.07201
0.078485
0.068728
0.038437
0.074222
0.075804
0.079477
0.073462
0.055337
0.033092
0.035669
0.03652
0.03782
0.037831
0.044769
0.042982
0.03994
0.033848
0.034273
0.038195
0.076201
0.077929
0.079897
0.082421
0.073577
0.070065
0.074685
0.071072
0.073552
0.071344
0.072223
0.072815
0.07431
0.098913
0.038683
0.039002
0.035317
0.035259
0.049303
0.038318
0.03872
0.073364
0.065386
0.071809
0.079461
0.082353
0.084825
0.083794
0.112511
0.049275
0.044167
0.048368
0.040669
0.033708
0.033961
0.073284
0.072857
0.075632
0.085046
0.074857
0.079187
0.082555
0.107645
0.043749
0.040548
0.068674
0.067016
0.069657
0.073474
0.074137
0.077533
0.075037
0.075357
0.094547
0.055476
0.07265
0.063554
0.074825
0.069171
0.082419
0.074961
0.103127
0.042954
0.040173
0.074548
0.067514
0.078134
0.073651
0.083739
0.038736
0.03764
0.07535
0.069886
0.0762
0.079661
0.071663
0.078177
0.040217
0.068864
0.070163
0.075152
0.075008
0.066778
0.0802
0.074258
0.078682
0.06459
0.067247
0.068944
0.033722
0.061365
0.069981
0.065674
0.0649
0.05789
0.038697
0.053921
0.060351
0.060262
0.035135
0.046562
0.028835
0.065868
0.071331
0.060051
0.041639
0.037926
0.030214
0.030906
0.032258
0.075357
0.076678
0.07285
0.069581
0.050359
0.029662
0.031074
0.03358
0.032478
0.034591
0.042544
0.064262
0.070749
0.032693
0.031427
0.047623
0.039681
0.068897
0.071506
0.048836
0.032113
0.033397
0.032561
0.066394
0.070152
0.053366
0.02959
0.031107
0.034705
0.036423
0.060107
0.068203
0.049704
0.026795
0.031758
0.029819
0.035745
0.029718
0.051718
0.059172
0.067803
0.036665
0.06675
0.07817
0.047144
0.030372
0.02997
0.031101
0.029952
0.065516
0.060735
0.073329
0.028317
0.030745
0.030568
0.060143
0.064001
0.06058
0.038223
0.037143
0.044028
0.029361
0.031879
0.032543
0.029574
0.029974
0.029392
0.02957
0.052748
0.05376
0.048569
0.037392
0.035634
0.060996
0.06025
0.076444
0.031806
0.031947
0.064443
0.067289
0.073832
0.035821
0.037197
0.037741
0.037742
0.029783
0.031689
0.031736
0.034476
0.035281
0.039403
0.037597
0.037204
0.037212
0.040022
0.036148
0.030199
0.030955
0.033622
0.086088
0.094075
0.054424
0.026532
0.030211
0.032862
0.032077
0.029104
0.080012
0.049293
0.034873
0.036074
0.034026
0.032733
0.060136
0.03263
0.032024
0.033968
0.052362
0.117089
0.030295
0.028372
0.02622
0.028696
0.034598
0.031517
0.034527
0.05732
0.082083
0.05007
0.029014
0.029077
0.058379
0.066878
0.065083
0.057834
0.094809
0.08229
0.079251
0.081007
0.083692
0.068072
0.06997
0.069774
0.07476
0.061462
0.067086
0.066399
0.063635
0.062524
0.063858
0.068055
0.068062
0.08507
0.07693
0.075187
0.087689
0.08998
0.077041
0.076465
0.054193
0.056234
0.040855
0.044558
0.078848
0.077657
0.084253
0.063133
0.067031
0.073655
0.074559
0.0763
0.070777
0.06463
0.070894
0.079006
0.079896
0.077392
0.086468
0.078764
0.076207
0.09278
0.07785
0.07694
0.079195
0.074953
0.090451
0.081601
0.095679
0.09009
0.098968
0.08373
0.080222
0.080086
0.074015
0.069279
0.069576
0.082505
0.086077
0.090918
0.091115
0.08671
0.090486
0.067226
0.069323
0.067856
0.086066
0.078016
0.076823
0.078745
0.070872
0.076164
0.086445
0.084191
0.079937
0.094394
0.082912
0.084294
0.06742
0.068091
0.067852
0.070073
0.052897
0.050171
0.06884
0.077033
0.074869
0.073881
0.063218
0.061967
0.080557
0.037777
0.066983
0.067397
0.074738
0.082213
0.101391
0.042152
0.031267
0.032371
0.040644
0.068787
0.065037
0.069865
0.075459
0.095233
0.04446
0.037151
0.034687
0.042714
0.043299
0.042793
0.04109
0.068092
0.068986
0.070682
0.073137
0.095
0.093464
0.035319
0.036722
0.043943
0.035956
0.113163
0.110683
0.068333
0.071409
0.072457
0.082976
0.101647
0.102677
0.080991
0.095552
0.084546
0.093464
0.08987
0.08675
0.096209
0.08919
0.093307
0.08596
0.094333
0.09656
0.098769
0.093677
0.10034
0.11438
0.094877
0.094187
0.090739
0.095663
0.101195
0.092332
0.089616
0.091067
0.095744
0.093138
0.094191
0.086333
0.09613
0.094162
0.107536
0.095554
0.107119
0.101659
0.10085
0.088825
0.107584
0.102303
0.089938
0.090478
0.090116
0.084434
0.082017
0.091232
0.086648
0.095568
0.097483
0.09371
0.09223
0.094433
0.090518
0.083818
0.085729
0.080238
0.086667
0.083856
0.089114
0.110226
0.106541
0.118347
0.120816
0.110064
0.100645
0.102939
0.102145
0.086608
0.11027
0.095693
0.083591
0.080054
0.096795
0.094038
0.099721
0.107671
0.093851
0.094458
0.091556
0.102263
0.102039
0.098443
0.082789
0.108351
0.093141
0.095875
0.106081
0.123271
0.125577
0.092086
0.1457
0.107255
0.117664
0.089735
0.093283
0.10716
0.140571
0.09613
0.092378
0.083713
0.083769
0.126594
0.089434
0.08345
0.09135
0.097594
0.096633
0.09405
0.092735
0.088811
0.125653
0.105826
0.096076
0.120761
0.101752
0.096902
0.110502
0.095833
0.097088
0.108084
0.090699
0.103757
0.10711
0.084088
0.098288
0.090709
0.080437
0.12273
0.087094
0.082268
0.080268
0.100724
0.089018
0.080641
0.079884
0.085162
0.099129
0.102118
0.095706
0.114508
0.128733
0.127932
0.11811
0.121758
0.111712
0.112534
0.106937
0.127146
0.104264
0.117435
0.08712
0.072893
0.068724
0.075434
0.075554
0.078521
0.080264
0.07118
0.064221
0.067401
0.0614
0.042417
0.0419
0.049637
0.054032
0.066823
0.053612
0.05974
0.046909
0.050265
0.055581
0.056786
0.052567
0.045744
0.05574
0.056926
0.051523
0.07706
0.077557
0.08171
0.069613
0.069652
0.075481
0.074548
0.07879
0.078054
0.081391
0.06523
0.073157
0.07131
0.073526
0.095006
0.080871
0.094166
0.066222
0.070388
0.038524
0.06771
0.069032
0.068122
0.059046
0.05449
0.059218
0.062971
0.099657
0.034602
0.08073
0.086866
0.092026
0.105651
0.072421
0.059825
0.03235
0.033354
0.033035
0.03246
0.091772
0.121068
0.095212
0.0716
0.048804
0.061328
0.077139
0.119974
0.115221
0.117423
0.083976
0.079266
0.04145
0.029468
0.084357
0.086093
0.036432
0.039213
0.037293
0.072279
0.054492
0.050442
0.032951
0.033316
0.034471
0.090841
0.073062
0.077081
0.076907
0.051732
0.033989
0.03571
0.03686
0.039094
0.039453
0.045413
0.044343
0.042767
0.041557
0.042139
0.041413
0.036625
0.038699
0.033851
0.035547
0.068834
0.069185
0.06931
0.082205
0.076145
0.045852
0.037744
0.072644
0.074166
0.071836
0.082402
0.089995
0.078104
0.082141
0.079212
0.080532
0.062077
0.03679
0.072972
0.075278
0.083074
0.086731
0.097314
0.084626
0.091168
0.109092
0.088423
0.102519
0.105347
0.089003
0.117352
0.108958
0.105227
0.098948
0.095627
0.11706
0.108607
0.086785
0.083374
0.090915
0.098589
0.084606
0.081799
0.093678
0.094548
0.087418
0.094925
0.094004
0.094747
0.087708
0.102263
0.106835
0.10012
0.098724
0.089337
0.11154
0.096706
0.095205
0.091365
0.067886
0.068836
0.09838
0.064597
0.112565
0.09588
0.101876
0.05268
0.049612
0.05185
0.07876
0.081655
0.075596
0.089547
0.100364
0.043981
0.068722
0.055963
0.02854
0.0814
0.078498
0.05191
0.080027
0.032742
0.046258
0.048667
0.034038
0.06471
0.050342
0.057277
0.034953
0.037666
0.029279
0.0306
0.035907
0.056113
0.066266
0.070663
0.076773
0.068117
0.070417
0.061234
0.057858
0.061772
0.062878
0.033474
0.039158
0.037102
0.032877
0.030664
0.030502
0.032742
0.034935
0.065683
0.073222
0.066878
0.059912
0.058602
0.078535
0.032473
0.031962
0.035229
0.033875
0.037078
0.035904
0.066987
0.066841
0.06512
0.065789
0.085078
0.033862
0.092259
0.063317
0.059235
0.060953
0.050637
0.051838
0.032939
0.033787
0.038778
0.029835
0.029028
0.033349
0.030724
0.064238
0.064468
0.07113
0.067599
0.068339
0.058287
0.03342
0.065084
0.065205
0.07052
0.06526
0.051129
0.04342
0.075962
0.033627
0.033114
0.050636
0.058396
0.065117
0.060995
0.04754
0.052148
0.051711
0.02607
0.049633
0.053799
0.062734
0.046247
0.032938
0.032203
0.032324
0.074258
0.075821
0.084589
0.081445
0.087587
0.085784
0.095595
0.08453
0.085805
0.083044
0.08902
0.088492
0.094074
0.07737
0.08893
0.079613
0.078344
0.073858
0.059369
0.05687
0.073692
0.054593
0.059167
0.059243
0.058911
0.062685
0.063281
0.054361
0.051428
0.062014
0.061146
0.055001
0.065793
0.068351
0.074891
0.073579
0.070865
0.089565
0.057881
0.064777
0.065961
0.068571
0.068215
0.082738
0.079747
0.084484
0.085769
0.064971
0.081371
0.07991
0.062033
0.07175
0.075417
0.082456
0.078222
0.082485
0.091389
0.080713
0.07028
0.072609
0.091308
0.079242
0.069348
0.070781
0.073169
0.091534
0.103675
0.069595
0.069519
0.076274
0.070671
0.066631
0.079333
0.076591
0.076631
0.074989
0.067387
0.06332
0.061374
0.064272
0.068136
0.067741
0.058966
0.058627
0.059088
0.061237
0.066842
0.065105
0.07391
0.073151
0.075602
0.070648
0.065292
0.066724
0.069168
0.072989
0.083819
0.070846
0.078551
0.037359
0.072425
0.078516
0.084631
0.085361
0.094733
0.080056
0.079109
0.065793
0.072648
0.060019
0.067384
0.07026
0.074309
0.077828
0.036851
0.070202
0.077568
0.068096
0.063575
0.030968
0.034015
0.034409
0.03549
0.03899
0.039734
0.040777
0.069856
0.067995
0.068169
0.071278
0.03021
0.035361
0.089915
0.089504
0.086211
0.089743
0.090491
0.043334
0.043963
0.03028
0.064881
0.066573
0.065146
0.068432
0.081529
0.040151
0.035098
0.038198
0.039217
0.039732
0.065952
0.069272
0.073209
0.073739
0.078693
0.078214
0.087462
0.04295
0.039728
0.04484
0.034148
0.035124
0.036053
0.036345
0.040684
0.039743
0.04027
0.099219
0.086008
0.117451
0.096982
0.103661
0.079804
0.08085
0.079648
0.109477
0.071324
0.081937
0.10805
0.076369
0.131285
0.126227
0.103589
0.085279
0.065314
0.069268
0.139746
0.090499
0.038912
0.039176
0.074399
0.070548
0.070247
0.073114
0.075055
0.052454
0.074749
0.044775
0.036885
0.081692
0.070766
0.080961
0.077856
0.082845
0.082367
0.089725
0.043784
0.076464
0.087515
0.089902
0.089332
0.089096
0.066448
0.082077
0.034237
0.039018
0.03885
0.03883
0.04315
0.041965
0.043831
0.048628
0.089685
0.090629
0.101448
0.093426
0.082075
0.077941
0.063207
0.042785
0.047543
0.049701
0.07673
0.084014
0.085565
0.074429
0.084164
0.087909
0.083407
0.043707
0.049395
0.044344
0.044774
0.050177
0.050117
0.035486
0.046629
0.046593
0.092005
0.086526
0.081099
0.077115
0.083575
0.072186
0.074588
0.04389
0.050302
0.077038
0.077156
0.085748
0.082838
0.087612
0.064221
0.079228
0.087996
0.082386
0.079983
0.080939
0.079288
0.077823
0.077316
0.072465
0.092661
0.083894
0.094454
0.118854
0.041628
0.072031
0.077179
0.090582
0.087338
0.090236
0.062483
0.060754
0.037638
0.078997
0.07281
0.076497
0.079625
0.070156
0.055617
0.105452
0.093564
0.092195
0.091296
0.084452
0.093886
0.09298
0.106757
0.103936
0.102724
0.098265
0.100554
0.098074
0.106013
0.089016
0.104943
0.101517
0.122089
0.087263
0.085863
0.124727
0.105225
0.096932
0.125346
0.100744
0.090634
0.092697
0.105929
0.098531
0.098348
0.106684
0.106069
0.110072
0.111492
0.113095
0.115596
0.0965
0.076519
0.076346
0.089436
0.097601
0.097498
0.085732
0.083342
0.081014
0.078495
0.084308
0.076363
0.07987
0.073764
0.081996
0.043046
0.107148
0.11186
0.125336
0.123612
0.113861
0.11968
0.123168
0.084255
0.120199
0.046753
0.047881
0.040659
0.071718
0.083124
0.094004
0.092545
0.080588
0.077249
0.076665
0.09193
0.04785
0.077788
0.083538
0.088745
0.086025
0.086703
0.081624
0.087038
0.10371
0.057042
0.046843
0.034313
0.041687
0.068235
0.073232
0.080447
0.085493
0.071973
0.068711
0.039536
0.046687
0.043116
0.045239
0.037542
0.030814
0.033774
0.052449
0.084173
0.074154
0.065449
0.066938
0.084891
0.037549
0.037632
0.040894
0.054909
0.044227
0.044991
0.038157
0.03798
0.037816
0.036796
0.036451
0.040437
0.047401
0.048197
0.074525
0.082624
0.069799
0.075652
0.092684
0.043933
0.042255
0.03669
0.077301
0.074977
0.070431
0.083263
0.07577
0.074518
0.070253
0.071716
0.085322
0.092071
0.082139
0.093001
0.081505
0.044667
0.077429
0.081908
0.079525
0.082383
0.067576
0.095025
0.033946
0.077524
0.078796
0.070499
0.099102
0.083931
0.062579
0.072227
0.076511
0.06653
0.069161
0.073013
0.072897
0.047794
0.047274
0.087552
0.080621
0.073606
0.06876
0.065529
0.086127
0.03464
0.071081
0.072581
0.078255
0.088094
0.10575
0.082581
0.088577
0.08203
0.082822
0.1149
0.103777
0.099552
0.06669
0.078764
0.080926
0.102122
0.078708
0.085822
0.078241
0.09956
0.102212
0.120731
0.091977
0.098538
0.093087
0.091715
0.088238
0.092857
0.080471
0.040422
0.040856
0.042589
0.07225
0.080696
0.089252
0.075121
0.063725
0.04091
0.069329
0.086265
0.087992
0.070883
0.071905
0.077721
0.082297
0.088507
0.087692
0.067177
0.070456
0.083587
0.081096
0.08407
0.09655
0.073874
0.037571
0.073429
0.080549
0.084176
0.092626
0.098606
0.113225
0.081246
0.084055
0.118996
0.080491
0.078002
0.078171
0.09002
0.085474
0.088342
0.117148
0.077112
0.081765
0.077662
0.080886
0.074212
0.091306
0.089409
0.072372
0.07519
0.08105
0.090288
0.079002
0.085232
0.085141
0.086991
0.081982
0.080835
0.075872
0.086299
0.088021
0.094723
0.090549
0.087225
0.084713
0.101697
0.092122
0.110517
0.090267
0.101481
0.085803
0.094552
0.089547
0.114035
0.083934
0.090215
0.111395
0.104535
0.097893
0.08576
0.092427
0.09635
0.087612
0.073376
0.081888
0.084351
0.08375
0.08605
0.090084
0.090402
0.108939
0.104051
0.105096
0.091615
0.111392
0.050922
0.078025
0.09477
0.091176
0.08405
0.07562
0.076084
0.070922
0.067944
0.088952
0.052921
0.069887
0.119098
0.159399
0.158024
0.082423
0.088054
0.088241
0.107377
0.081427
0.159301
0.070454
0.070182
0.07343
0.068181
0.076272
0.15557
0.093806
0.05402
0.037632
0.044829
0.071833
0.14497
0.070892
0.071077
0.071384
0.063812
0.0585
0.054455
0.098106
0.121504
0.105685
0.119335
0.063826
0.094048
0.11043
0.122629
0.113806
0.105811
0.052341
0.113602
0.084905
0.085466
0.109711
0.052655
0.053315
0.042035
0.039503
0.039979
0.055564
0.08465
0.094136
0.081704
0.076118
0.122535
0.047352
0.098212
0.075767
0.070463
0.075563
0.079361
0.050435
0.088841
0.101656
0.077421
0.084414
0.077877
0.060515
0.074636
0.061888
0.052798
0.066266
0.070221
0.078733
0.075484
0.074874
0.066071
0.07234
0.080573
0.070574
0.064305
0.062868
0.068187
0.083867
0.078248
0.067507
0.075393
0.083787
0.084266
0.074642
0.067532
0.064204
0.067419
0.072949
0.07143
0.074366
0.082284
0.072392
0.068816
0.067474
0.076197
0.084434
0.103397
0.105557
0.080079
0.086587
0.088447
0.078536
0.065006
0.085028
0.077071
0.072908
0.077078
0.073811
0.074108
0.078104
0.068554
0.070475
0.071535
0.073426
0.081044
0.086266
0.095018
0.086003
0.074656
0.079601
0.081422
0.085159
0.075718
0.078962
0.072235
0.090401
0.075522
0.054945
0.061463
0.059158
0.059688
0.061168
0.064279
0.063044
0.072235
0.093764
0.082996
0.068541
0.074475
0.0668
0.070952
0.070696
0.071349
0.101454
0.115684
0.103115
0.090661
0.082457
0.079826
0.070019
0.083106
0.092195
0.076739
0.104073
0.09351
0.084193
0.093083
0.073662
0.069608
0.07707
0.083022
0.051374
0.081469
0.09233
0.081105
0.068048
0.068934
0.067742
0.143335
0.129384
0.06599
0.089802
0.05364
0.092366
0.077964
0.09412
0.093175
0.081746
0.094685
0.039455
0.069787
0.074516
0.06123
0.06935
0.056783
0.063725
0.046575
0.035426
0.032317
0.066623
0.06707
0.082234
0.09121
0.107669
0.089209
0.096938
0.100294
0.109736
0.105148
0.082836
0.073633
0.098342
0.105424
0.110881
0.129836
0.097028
0.085247
0.089678
0.095153
0.069244
0.070907
0.092026
0.074545
0.096763
0.078555
0.081604
0.062813
0.07777
0.07514
0.081739
0.074339
0.094366
0.118884
0.111587
0.084219
0.121047
0.109491
0.081899
0.077633
0.085892
0.08897
0.074576
0.093304
0.071727
0.105749
0.0794
0.112869
0.102608
0.110592
0.089832
0.087793
0.073281
0.077148
0.085627
0.091073
0.100239
0.111773
0.083469
0.07236
0.08287
0.069335
0.092096
0.088215
0.101489
0.090282
0.098927
0.077853
0.08246
0.073236
0.103826
0.101606
0.099956
0.105478
0.072658
0.086035
0.098863
0.078678
0.091348
0.091639
0.087539
0.076639
0.080128
0.079616
0.088618
0.090097
0.112527
0.111517
0.092046
0.102977
0.130868
0.083668
0.095588
0.113528
0.106824
0.090339
0.095742
0.119756
0.080974
0.074814
0.088566
0.073056
0.123652
0.13822
0.115227
0.088332
0.099073
0.118078
0.149385
0.152648
0.107342
0.106099
0.103688
0.120258
0.174491
0.117326
0.098411
0.084618
0.103372
0.084455
0.081662
0.103172
0.088638
0.088909
0.096556
0.099641
0.09929
0.101542
0.10451
0.083854
0.113073
0.108626
0.110157
0.102429
0.095108
0.088012
0.104924
0.111275
0.07919
0.091671
0.097915
0.067385
0.072651
0.087212
0.088682
0.09374
0.101349
0.105337
0.093772
0.094831
0.091094
0.086516
0.100177
0.121056
0.104513
0.101581
0.098772
0.082229
0.099373
0.084172
0.110261
0.12947
0.111879
0.148887
0.162588
0.122498
0.140548
0.132372
0.140925
0.130334
0.094363
0.112416
0.111346
0.097452
0.099169
0.095214
0.102577
0.099113
0.095303
0.084417
0.083548
0.076504
0.077839
0.083774
0.099773
0.145026
0.063103
0.092273
0.104324
0.096311
0.107237
0.105825
0.087374
0.07402
0.084353
0.09613
0.118968
0.054146
0.085558
0.108519
0.122807
0.121048
0.114447
0.096086
0.081423
0.09309
0.103622
0.095612
0.102482
0.121257
0.077929
0.086036
0.100282
0.127278
0.086373
0.098685
0.103685
0.107087
0.089632
0.077913
0.088308
0.097541
0.109554
0.109949
0.101751
0.084823
0.083268
0.086961
0.098759
0.112912
0.129641
0.100363
0.07672
0.081063
0.090719
0.097962
0.081711
0.113785
0.106454
0.070703
0.116174
0.151371
0.105683
0.10538
0.108721
0.120008
0.103781
0.108863
0.068363
0.081015
0.073469
0.091402
0.092638
0.083617
0.097766
0.066828
0.11574
0.117366
0.103852
0.083334
0.118621
0.06882
0.068714
0.083875
0.091814
0.073623
0.071408
0.086238
0.086833
0.102971
0.051805
0.080834
0.089906
0.094443
0.082051
0.077595
0.073106
0.071222
0.080449
0.07925
0.094093
0.080166
0.132086
0.07704
0.088859
0.088834
0.091369
0.080917
0.096004
0.096403
0.090423
0.085819
0.080416
0.076267
0.0759
0.073763
0.090999
0.087764
0.148996
0.11561
0.089541
0.164979
0.15057
0.096755
0.072708
0.108067
0.123094
0.116055
0.097945
0.078021
0.078055
0.081187
0.10038
0.089843
0.115408
0.123382
0.099846
0.124893
0.09688
0.131824
0.100143
0.11019
0.095052
0.105631
0.095762
0.10438
0.145918
0.147455
0.170471
0.113375
0.102722
0.132994
0.16237
0.097073
0.10663
0.118619
0.13271
0.094554
0.087033
0.125738
0.150848
0.159763
0.118164
0.108305
0.141096
0.149905
0.115557
0.140699
0.104482
0.096628
0.134481
0.108257
0.113796
0.13154
0.111399
0.136904
0.1208
0.158722
0.144915
0.118994
0.1092
0.130382
0.10986
0.109496
0.113381
0.136058
0.107881
0.077452
0.147959
0.146137
0.096812
0.091114
0.084492
0.134384
0.131275
0.121651
0.09426
0.100453
0.073114
0.077635
0.083813
0.113278
0.095473
0.099807
0.091432
0.075205
0.074566
0.097591
0.085948
0.080644
0.060938
0.099533
0.078519
0.081711
0.092062
0.084202
0.090273
0.099236
0.106565
0.092862
0.079559
0.077129
0.096809
0.107868
0.12529
0.128218
0.184377
0.041261
0.042502
0.041107
0.040937
0.041195
0.050746
0.103586
0.101337
0.098646
0.09838
0.086918
0.076774
0.081018
0.079289
0.078703
0.104055
0.10267
0.100153
0.093797
0.079146
0.0595
0.089033
0.072838
0.089151
0.088474
0.081315
0.085245
0.083624
0.083808
0.124646
0.135112
0.132662
0.136515
0.134007
0.136379
0.135217
0.136056
0.120484
0.107528
0.096419
0.085949
0.105878
0.084251
0.106727
0.087058
0.079838
0.083928
0.080855
0.081981
0.104673
0.126037
0.149998
0.172757
0.121994
0.161765
0.134623
0.130964
0.135994
0.106401
0.100432
0.155478
0.100609
0.103158
0.132253
0.104369
0.17444
0.21365
0.235983
0.185991
0.111234
0.124353
0.097033
0.101216
0.085509
0.117641
0.121447
0.106307
0.127539
0.118575
0.107988
0.109526
0.112317
0.156224
0.140239
0.110053
0.153116
0.156629
0.125551
0.134955
0.139469
0.120359
0.098717
0.094377
0.103969
0.093898
0.109038
0.107671
0.106378
0.092698
0.097534
0.12468
0.139224
0.150468
0.138959
0.100723
0.101191
0.107871
0.105441
0.135692
0.13965
0.078045
0.113822
0.137957
0.110418
0.226777
0.221044
0.191954
0.145197
0.094489
0.109178
0.121252
0.120504
0.125367
0.153365
0.091403
0.127049
0.11254
0.117187
0.132769
0.136571
0.138229
0.158882
0.1019
0.11166
0.141164
0.163432
0.151347
0.139086
0.109427
0.10625
0.134548
0.112726
0.104302
0.121687
0.16664
0.157726
0.121829
0.163427
0.116527
0.124217
0.149566
0.15035
0.158743
0.137432
0.216786
0.114185
0.100049
0.137439
0.162412
0.130467
0.149577
0.113124
0.144895
0.150963
0.141959
0.150916
0.147126
0.141372
0.145907
0.147882
0.107654
0.110389
0.115614
0.115367
0.137325
0.142359
0.233801
0.158753
0.133973
0.145564
0.109994
0.143184
0.143776
0.156008
0.151868
0.147596
0.122246
0.125266
0.31713
0.220324
0.193814
0.208143
0.205414
0.186447
0.22638
0.159884
0.163883
0.181614
0.122076
0.150461
0.149467
0.115552
0.167773
0.122765
0.266014
0.199753
0.146972
0.15133
0.164742
0.210054
0.183043
0.134219
0.175162
0.15877
0.195338
0.189945
0.160035
0.171598
0.229428
0.241013
0.157291
0.140764
0.15094
0.227172
0.170552
0.150168
0.143405
0.097508
0.091704
0.107787
0.116758
0.115738
0.111101
0.111639
0.111055
0.112707
0.112716
0.11199
0.112899
0.117453
0.112205
0.102493
0.113176
0.091706
0.105947
0.142576
0.141741
0.135997
0.100573
0.139169
0.145302
0.134174
0.14064
0.143898
0.137548
0.123334
0.139118
0.139613
0.138546
0.128558
0.140238
0.147423
0.133955
0.13125
0.06124
0.085548
0.079029
0.084777
0.1184
0.12621
0.130475
0.135068
0.124581
0.109783
0.114607
0.122494
0.108844
0.106138
0.123452
0.128699
0.137734
0.128114
0.124709
0.163226
0.119343
0.059259
0.125161
0.11785
0.134057
0.111896
0.112201
0.111315
0.114012
0.116918
0.107987
0.106442
0.069327
0.091674
0.058853
0.059607
0.108518
0.103251
0.085216
0.047484
0.037444
0.073888
0.082375
0.060649
0.047091
0.049232
0.048947
0.048641
0.039491
0.037619
0.03824
0.080746
0.049933
0.11228
0.082835
0.08162
0.09195
0.095472
0.117771
0.103144
0.085389
0.085371
0.104646
0.086043
0.114451
0.100211
0.09575
0.100147
0.0986
0.098293
0.101093
0.094231
0.091144
0.09917
0.092306
0.08987
0.093949
0.12666
0.103149
0.080193
0.080565
0.098279
0.073849
0.08222
0.089918
0.089708
0.086958
0.085658
0.088183
0.092687
0.128654
0.047738
0.053324
0.052581
0.057508
0.052051
0.040052
0.039448
0.042825
0.093573
0.088515
0.086681
0.094933
0.098405
0.087137
0.040274
0.043433
0.045641
0.050715
0.049211
0.04034
0.042879
0.045974
0.048129
0.04799
0.038486
0.048535
0.051501
0.048509
0.050568
0.048835
0.048806
0.04624
0.050035
0.112448
0.110842
0.088275
0.082612
0.080962
0.0986
0.088938
0.109176
0.082332
0.078355
0.074584
0.083947
0.087297
0.097452
0.081186
0.082405
0.090337
0.089207
0.082173
0.067337
0.085512
0.085421
0.0757
0.06569
0.068387
0.071166
0.076671
0.092677
0.101553
0.084493
0.063551
0.074749
0.081275
0.081833
0.111046
0.043286
0.077524
0.077487
0.082082
0.071396
0.077459
0.08125
0.068194
0.032621
0.03456
0.034926
0.071228
0.068671
0.08282
0.079767
0.084576
0.076189
0.068801
0.035845
0.070129
0.092641
0.097494
0.086966
0.090206
0.084582
0.064503
0.079578
0.090661
0.098069
0.06584
0.061924
0.049662
0.055434
0.058415
0.075261
0.04693
0.056519
0.075988
0.062348
0.031889
0.057912
0.057784
0.034142
0.047959
0.053853
0.05405
0.065277
0.02328
0.028886
0.047031
0.052542
0.054436
0.041854
0.048321
0.064263
0.079188
0.030357
0.047531
0.047594
0.052034
0.02775
0.050057
0.060678
0.039015
0.054993
0.054772
0.049756
0.06573
0.051153
0.053913
0.030715
0.057298
0.06158
0.046543
0.032383
0.039143
0.050927
0.055585
0.056555
0.030736
0.039389
0.039936
0.068224
0.053372
0.063077
0.030521
0.059284
0.061582
0.064279
0.05201
0.040236
0.027044
0.026488
0.027864
0.028889
0.031304
0.031828
0.032118
0.034221
0.035256
0.042397
0.044995
0.027649
0.028701
0.031625
0.032059
0.034278
0.035981
0.080296
0.099581
0.102167
0.092239
0.041474
0.033056
0.03411
0.06226
0.069297
0.073021
0.075652
0.056112
0.072448
0.063312
0.060636
0.066895
0.072658
0.071704
0.075004
0.079217
0.080774
0.083047
0.081678
0.069902
0.076964
0.070038
0.076101
0.07243
0.100514
0.087163
0.109868
0.109622
0.09905
0.081844
0.084448
0.074006
0.081806
0.077202
0.074948
0.078472
0.078479
0.07805
0.072116
0.084144
0.082869
0.089271
0.071787
0.052728
0.032788
0.030634
0.036155
0.041804
0.043802
0.042993
0.045389
0.046749
0.05344
0.037674
0.064558
0.070954
0.068273
0.068666
0.068462
0.041469
0.045913
0.046909
0.041733
0.036808
0.031857
0.03393
0.034594
0.033495
0.036625
0.045194
0.053917
0.05401
0.03941
0.034138
0.031088
0.065005
0.07248
0.081684
0.081275
0.071481
0.077449
0.035435
0.0342
0.043435
0.035609
0.047293
0.042727
0.047648
0.048143
0.048457
0.033237
0.032409
0.035651
0.039047
0.044916
0.040134
0.04575
0.045801
0.041976
0.029685
0.033262
0.029624
0.031527
0.030109
0.034191
0.035646
0.092125
0.092654
0.094625
0.104121
0.093518
0.033264
0.029708
0.034068
0.041836
0.044109
0.037243
0.030148
0.032285
0.03647
0.039097
0.042754
0.038956
0.033512
0.033637
0.027467
0.030886
0.033618
0.065629
0.071198
0.079851
0.083829
0.056065
0.033609
0.030568
0.03156
0.037586
0.041621
0.042785
0.05308
0.052139
0.039896
0.026918
0.027389
0.029193
0.061427
0.065865
0.073333
0.074875
0.085196
0.037042
0.029932
0.033315
0.034708
0.034094
0.038505
0.039086
0.041425
0.045029
0.029475
0.031125
0.059932
0.063107
0.073677
0.078391
0.063826
0.058646
0.061592
0.064691
0.072175
0.072709
0.070246
0.037406
0.062946
0.060507
0.062106
0.064034
0.063568
0.056384
0.03184
0.036375
0.036206
0.037345
0.039284
0.034256
0.037144
0.041456
0.06739
0.074672
0.06863
0.066998
0.064393
0.090376
0.042659
0.034094
0.036864
0.039284
0.043598
0.045335
0.038942
0.029478
0.062694
0.059975
0.060058
0.068434
0.068232
0.06134
0.062039
0.071215
0.074035
0.069902
0.0693
0.068978
0.077314
0.086942
0.074097
0.074228
0.078009
0.077538
0.068293
0.092689
0.078981
0.060512
0.064858
0.068816
0.065293
0.081194
0.081199
0.083475
0.077487
0.069952
0.078724
0.080148
0.060525
0.050736
0.076506
0.075041
0.061409
0.062564
0.079749
0.094062
0.096505
0.029653
0.037486
0.091068
0.081339
0.09174
0.089818
0.139745
0.13676
0.108813
0.040755
0.042282
0.039213
0.027958
0.068785
0.039962
0.031087
0.040121
0.058255
0.028442
0.034011
0.068224
0.056231
0.064397
0.064275
0.085246
0.076606
0.04475
0.033903
0.056563
0.081655
0.087879
0.091764
0.092001
0.09885
0.115222
0.111091
0.099575
0.103622
0.095026
0.072957
0.066678
0.115693
0.135852
0.13423
0.148157
0.100029
0.102864
0.106843
0.110059
0.124985
0.10371
0.09902
0.09581
0.09541
0.10814
0.119028
0.127831
0.10576
0.072374
0.125886
0.100101
0.083046
0.089034
0.083496
0.074805
0.087732
0.133502
0.043639
0.076182
0.087066
0.112335
0.131604
0.110461
0.077993
0.0884
0.086157
0.106742
0.098885
0.043934
0.096583
0.094694
0.117459
0.096663
0.084908
0.08329
0.089248
0.081782
0.081456
0.101276
0.054702
0.094411
0.097131
0.090908
0.101444
0.113965
0.092585
0.12686
0.103456
0.086033
0.089193
0.081189
0.082791
0.079824
0.091437
0.097506
0.095483
0.115886
0.134828
0.133721
0.126891
0.114459
0.126644
0.123137
0.069219
0.100394
0.096358
0.088015
0.084365
0.087019
0.084921
0.088079
0.097997
0.096634
0.098754
0.116476
0.126345
0.093907
0.090957
0.093116
0.094662
0.085462
0.096473
0.091554
0.093675
0.098088
0.136182
0.07246
0.08996
0.096964
0.101137
0.108153
0.103226
0.12398
0.130275
0.123284
0.108833
0.120554
0.113291
0.110376
0.093587
0.089448
0.103995
0.088077
0.104033
0.086561
0.08752
0.10064
0.181462
0.109171
0.113944
0.099382
0.102573
0.109899
0.10722
0.108874
0.111688
0.113334
0.102263
0.099407
0.109072
0.096414
0.105453
0.113223
0.111824
0.108131
0.094958
0.095797
0.081219
0.090333
0.072365
0.085659
0.047025
0.092495
0.093706
0.096977
0.089098
0.07733
0.078944
0.079897
0.086846
0.081314
0.050244
0.084483
0.092398
0.095464
0.074326
0.077467
0.093661
0.102187
0.099423
0.092418
0.101505
0.09428
0.077164
0.082784
0.115381
0.100247
0.08519
0.087611
0.096919
0.130102
0.131467
0.133657
0.122967
0.087967
0.095299
0.098478
0.080127
0.124395
0.118214
0.093046
0.093683
0.088
0.102465
0.08253
0.085904
0.098146
0.123304
0.098742
0.115689
0.097423
0.099469
0.085643
0.111126
0.097734
0.083451
0.113779
0.094342
0.087837
0.131136
0.098771
0.129471
0.129154
0.137442
0.155575
0.159328
0.132267
0.104032
0.088971
0.124719
0.083146
0.116481
0.133911
0.125641
0.130717
0.089182
0.10013
0.08612
0.086018
0.087295
0.272998
0.220744
0.109686
0.123773
0.112865
0.090639
0.092627
0.087982
0.126961
0.128503
0.123411
0.09847
0.097973
0.131721
0.113934
0.144126
0.107262
0.119349
0.099133
0.096906
0.091542
0.129872
0.117037
0.087426
0.07727
0.106761
0.069874
0.105392
0.103839
0.097742
0.091177
0.087681
0.094284
0.102813
0.20104
0.135457
0.113002
0.121199
0.121353
0.099587
0.100168
0.098397
0.113527
0.101324
0.097662
0.094796
0.112718
0.101788
0.116316
0.117141
0.086256
0.09382
0.090572
0.09523
0.090992
0.097976
0.091622
0.084049
0.074059
0.082227
0.098025
0.0902
0.069634
0.074402
0.072581
0.078291
0.084072
0.064073
0.084633
0.077449
0.066819
0.070784
0.100862
0.090869
0.094491
0.06443
0.068384
0.067001
0.069771
0.085027
0.076222
0.06769
0.067541
0.06748
0.107446
0.113467
0.149778
0.104724
0.104685
0.032479
0.06829
0.067749
0.098902
0.078256
0.059658
0.07694
0.030716
0.032737
0.030005
0.071709
0.061553
0.071065
0.064289
0.064623
0.087687
0.041671
0.074813
0.079309
0.082826
0.072526
0.075812
0.083278
0.047499
0.084967
0.07901
0.076138
0.07128
0.073874
0.074662
0.035022
0.03626
0.098693
0.101811
0.083648
0.056246
0.059102
0.03052
0.03236
0.063697
0.068152
0.152404
0.146517
0.122226
0.106577
0.093318
0.093561
0.094237
0.08568
0.10859
0.067247
0.085036
0.095521
0.085085
0.094157
0.076773
0.073899
0.097762
0.096331
0.087226
0.121496
0.155119
0.118932
0.11831
0.077449
0.074344
0.080509
0.080101
0.081452
0.082033
0.090399
0.069001
0.032147
0.061227
0.039349
0.037164
0.033874
0.039622
0.08107
0.078202
0.080942
0.089578
0.074749
0.092227
0.042433
0.037379
0.036503
0.046754
0.05695
0.044872
0.048195
0.039161
0.095624
0.071266
0.111395
0.112362
0.117288
0.091115
0.040397
0.043778
0.069012
0.074136
0.095688
0.085505
0.080304
0.064996
0.074436
0.086565
0.078838
0.099086
0.081486
0.083933
0.097166
0.149704
0.100149
0.086342
0.073683
0.087532
0.096391
0.120756
0.08016
0.089088
0.085072
0.08221
0.080346
0.107628
0.090328
0.101968
0.096085
0.095165
0.132557
0.086587
0.084122
0.080442
0.089813
0.074656
0.081451
0.087748
0.072697
0.068344
0.086446
0.076512
0.078716
0.082005
0.077001
0.08616
0.108287
0.094546
0.123476
0.088592
0.106076
0.100253
0.089228
0.071258
0.064647
0.065497
0.082487
0.09197
0.056852
0.070494
0.072673
0.074634
0.085484
0.080967
0.072946
0.072696
0.085606
0.042618
0.036709
0.044016
0.04877
0.109842
0.11211
0.109239
0.118529
0.07713
0.079263
0.09173
0.054464
0.151792
0.14978
0.106768
0.083857
0.075803
0.048835
0.048373
0.073082
0.097828
0.114657
0.116883
0.108025
0.124816
0.073685
0.059803
0.037453
0.080119
0.077298
0.071557
0.107092
0.109646
0.079259
0.085056
0.083162
0.089363
0.059544
0.128569
0.108357
0.119856
0.140097
0.106988
0.081325
0.084373
0.072768
0.079745
0.044447
0.081068
0.095435
0.078205
0.071053
0.064781
0.065714
0.079164
0.065544
0.066469
0.093053
0.057915
0.097449
0.07588
0.080582
0.080409
0.06733
0.126798
0.096144
0.072016
0.070869
0.074498
0.055738
0.087265
0.090753
0.086525
0.075583
0.096866
0.112453
0.107799
0.088587
0.079904
0.098733
0.11861
0.12964
0.117923
0.128064
0.142796
0.109087
0.100942
0.086162
0.089026
0.139052
0.177344
0.089454
0.076862
0.075288
0.075
0.080481
0.113307
0.110996
0.098806
0.100953
0.106287
0.100192
0.100777
0.095378
0.074598
0.080633
0.151918
0.068948
0.072514
0.072958
0.092343
0.1574
0.157907
0.183911
0.092901
0.101356
0.114724
0.063093
0.06403
0.063446
0.04517
0.048572
0.047301
0.069092
0.069962
0.044259
0.050243
0.035708
0.072984
0.070496
0.073641
0.077097
0.079645
0.103754
0.046553
0.088514
0.065792
0.077402
0.095072
0.102266
0.081865
0.093661
0.060621
0.058243
0.07255
0.0848
0.083582
0.058114
0.055355
0.053212
0.06884
0.069739
0.061087
0.061736
0.063501
0.052625
0.060168
0.051734
0.096697
0.029601
0.070225
0.05834
0.048198
0.030234
0.029841
0.036188
0.056551
0.059058
0.060163
0.065848
0.096988
0.03155
0.03582
0.034987
0.035571
0.041584
0.043641
0.044671
0.036273
0.06622
0.082596
0.088309
0.082434
0.081971
0.079477
0.076426
0.069077
0.07357
0.077168
0.107406
0.039019
0.037968
0.052511
0.055715
0.046878
0.047156
0.036004
0.037533
0.037051
0.045584
0.046741
0.083363
0.089241
0.072634
0.070011
0.070664
0.08653
0.032563
0.036741
0.077447
0.085986
0.091491
0.091548
0.080932
0.106916
0.0346
0.077173
0.08396
0.082562
0.077122
0.082195
0.087496
0.050502
0.12182
0.113805
0.127445
0.099922
0.096815
0.109033
0.146678
0.118622
0.071732
0.072444
0.088712
0.104629
0.123771
0.076272
0.069701
0.06708
0.065707
0.054994
0.070517
0.12454
0.104084
0.074187
0.075312
0.073967
0.07636
0.093574
0.087264
0.085704
0.080748
0.034872
0.040999
0.075436
0.072482
0.078103
0.073946
0.078519
0.074482
0.074326
0.078859
0.082819
0.085598
0.08344
0.082491
0.057218
0.072965
0.079434
0.080078
0.081861
0.074198
0.070747
0.073164
0.075631
0.064516
0.066574
0.069585
0.082474
0.080363
0.072053
0.093721
0.044261
0.076526
0.069851
0.069567
0.077264
0.081432
0.081138
0.086322
0.076243
0.087347
0.075073
0.077652
0.072924
0.077471
0.096991
0.065713
0.088907
0.087168
0.089892
0.082624
0.088037
0.07799
0.076331
0.080701
0.085698
0.096031
0.089739
0.083719
0.102729
0.067335
0.081393
0.079681
0.071417
0.077726
0.08699
0.091692
0.096125
0.089397
0.091572
0.084768
0.081171
0.077115
0.13149
0.067994
0.093372
0.085839
0.078932
0.131245
0.12748
0.124648
0.122921
0.11373
0.127078
0.123437
0.127062
0.121307
0.134399
0.062919
0.110635
0.124745
0.119712
0.121735
0.124393
0.128018
0.125266
0.119885
0.121672
0.114279
0.107677
0.081371
0.088386
0.106076
0.124611
0.129313
0.127519
0.104721
0.11654
0.072057
0.120864
0.119614
0.109351
0.113334
0.04091
0.112245
0.114418
0.082241
0.066016
0.067522
0.079673
0.073022
0.067895
0.123338
0.168482
0.059837
0.070155
0.073399
0.078531
0.068409
0.096902
0.079136
0.035652
0.055949
0.058666
0.083546
0.097574
0.077643
0.05745
0.044494
0.058164
0.061307
0.051688
0.056963
0.084603
0.031603
0.03753
0.055662
0.059776
0.054713
0.073649
0.028733
0.028135
0.024938
0.024584
0.027721
0.054139
0.063081
0.060907
0.049282
0.043136
0.028444
0.070328
0.083247
0.084095
0.072098
0.043114
0.027511
0.024462
0.03267
0.026941
0.025387
0.031827
0.074863
0.071367
0.076108
0.073262
0.028095
0.029673
0.02829
0.029163
0.036793
0.049127
0.053586
0.055437
0.029421
0.026512
0.029407
0.080264
0.082139
0.08211
0.087651
0.078772
0.025314
0.038756
0.073371
0.051889
0.056187
0.054109
0.058183
0.040023
0.038285
0.030657
0.066267
0.033417
0.026034
0.030584
0.030452
0.050616
0.075645
0.028104
0.027123
0.027585
0.041469
0.078207
0.056126
0.036482
0.040472
0.041408
0.027138
0.026547
0.06099
0.043112
0.085674
0.096671
0.089331
0.068592
0.048582
3.20368
0.192176
0.19214
0.196487
0.17497
0.096378
0.14519
0.063913
0.061668
0.070538
0.066224
0.071719
0.08652
0.127849
0.089732
0.060078
0.134671
0.136508
0.142281
0.106539
0.171761
0.158669
0.164882
0.136174
0.133615
0.071203
0.065302
0.132411
0.130057
0.096891
0.079955
0.089285
0.079794
0.110075
0.093459
0.11689
0.146572
0.115707
0.092774
0.088935
0.127759
0.060404
0.06025
0.07637
0.076554
0.091301
0.06683
0.102173
0.121212
0.102287
0.118344
0.114382
0.109994
0.102086
0.069984
0.123465
0.098579
0.114927
0.110736
0.089673
0.098167
0.108442
0.076137
0.133243
0.123619
0.093298
0.098505
0.117439
0.081384
0.062179
0.081413
0.081441
0.086449
0.09891
0.072196
0.062606
0.059501
0.061369
0.087711
0.069652
0.073046
0.078399
0.051348
0.055643
0.061452
0.049438
0.107209
0.101949
0.10336
0.102644
0.104448
0.061742
0.104406
0.115065
0.105619
0.097774
0.056472
0.106548
0.117823
0.117986
0.126984
0.046381
0.076406
0.071102
0.076003
0.079656
0.089491
0.083029
0.084544
0.091185
0.106703
0.080304
0.097012
0.047636
0.105074
0.091901
0.110653
0.077218
0.091006
0.080048
0.065144
0.073962
0.091349
0.086522
0.053243
0.091514
0.115218
0.103752
0.068179
0.088492
0.080683
0.084148
0.058169
0.095279
0.076568
0.081377
0.096921
0.066717
0.100671
0.081786
0.07725
0.094827
0.061978
0.088705
0.090363
0.102133
0.05787
0.091288
0.073711
0.078089
0.070704
0.089685
0.103863
0.061707
0.089309
0.072416
0.076355
0.076549
0.083785
0.122374
0.076778
0.048541
0.069768
0.07495
0.081852
0.048494
0.069354
0.107038
0.131486
0.102423
0.137058
0.137807
0.093327
0.061106
0.060167
0.055456
0.074194
0.145053
0.157869
0.074568
0.054727
0.04778
0.060496
0.112362
0.109649
0.073714
0.061877
0.064789
0.078051
0.173633
0.171996
0.078853
0.087368
0.095802
0.074315
0.069026
0.063582
0.076698
0.10109
0.100476
0.083969
0.086872
0.09766
0.10867
0.114744
0.108362
0.063037
0.072654
0.078736
0.068906
0.055731
0.054496
0.055861
0.060301
0.076981
0.121112
0.088613
0.090584
0.097205
0.112341
0.101355
0.076423
0.058632
0.105924
0.061805
0.063501
0.099848
0.090349
0.063612
0.067676
0.078086
0.099609
0.065882
0.065939
0.097885
0.10171
0.110421
0.102193
0.139398
0.109012
0.094654
0.090941
0.08996
0.092477
0.103514
0.128537
0.096949
0.134826
0.127036
0.143683
0.135397
0.106746
0.065172
0.05911
0.06423
0.068256
0.078067
0.083587
0.101944
0.073396
0.063472
0.067971
0.10343
0.096195
0.083412
0.053936
0.055546
0.054238
0.059508
0.069065
0.072833
0.077768
0.060728
0.058673
0.059742
0.075198
0.100327
0.072772
0.060837
0.058923
0.076869
0.07757
0.07711
0.069227
