114 1746096 0.049193
115 981222 0.024616
216 374203 0.016897
218 1132192 0.01898
228 1605611 0.027677
230 612741 0.016249
239 1299570 0.031558
241 1308496 0.027785
361 555029 0.025037
363 761525 0.009539
369 4113675 0.082817
374 2025399 0.01914
381 1898972 0.037964
421 2615594 0.044517
423 353126 0.012298
444 1892784 0.041554
460 1740276 0.038431
462 981236 0.025833
467 1854240 0.035146
470 1068163 0.031351
502 1027684 0.018349
503 1104530 0.011769
504 264475 0.010915
212 1872127 0.038684
213 708134 0.013794
249 1254248 0.014239
262 1885247 0.021112
262 731162 0.01053
273 1475049 0.017595
274 1228730 0.027797
402 782154 0.01321
403 974989 0.011776
439 3656226 0.038703
440 708332 0.004682
443 1868868 0.009145
465 1781941 0.022572
477 2637179 0.054538
479 437225 0.016926
490 1938709 0.029581
507 1550994 0.019358
508 903928 0.014493
526 1787509 0.026267
527 968799 0.024856
571 1164133 0.014453
572 989704 0.011869
574 363680 0.017834
579 1816130 0.035392
580 551045 0.002279
598 3397769 0.034793
599 198889 0.011902
605 1254250 0.002169
606 1868868 0.007501
230 1576294 0.034473
232 686664 0.019788
248 1544559 0.038996
257 1003140 0.022911
259 1172040 0.029282
267 1002375 0.018671
269 1082170 0.022751
276 2164010 0.080318
396 306799 0.002941
397 918299 0.03078
399 1243134 0.025641
402 1854695 0.05413
406 3990925 0.036711
407 1400691 0.008295
408 1411153 0.031621
449 1986699 0.033321
450 613114 0.015145
456 1581013 0.032482
457 1770064 0.039782
480 2295969 0.040301
496 2356630 0.043847
498 654753 0.01744
511 456700 0.027455
513 309455 0.021413
545 545105 0.019406
546 649689 0.002201
557 916759 0.039868
560 901314 0.028897
584 1300413 0.05026
599 3717410 0.061968
600 10018 0.016141
121 1965921 0.036247
123 1303811 0.021775
248 555975 0.017
250 1238576 0.020904
260 2103896 0.039881
262 134964 0.011866
269 591800 0.009661
271 2241734 0.049616
272 934463 0.018355
282 896969 0.019591
410 1519449 0.044781
411 154363 0.01159
449 906354 0.016062
450 1003020 0.011361
477 2420285 0.053177
496 1520593 0.017341
513 1966214 0.023307
515 1303813 0.056973
531 1935244 0.026912
533 1191335 0.038128
549 808447 0.012189
579 226145 0.009612
580 1621983 0.022134
581 798045 0.013047
591 2077188 0.036304
592 135726 0.550953
613 1048597 0.050714
630 2931528 0.096474
631 191587 0.015853
638 555975 0.020848
233 1768675 0.020156
234 519959 0.0017
273 1203219 0.03109
283 1768348 0.041361
285 529944 0.016988
294 2243063 0.018224
295 966424 0.02639
306 813440 0.015238
405 1421007 0.034862
407 618509 0.014198
435 1421007 0.014935
436 592573 0.013099
465 823896 0.010797
466 1160000 0.027473
478 823896 0.010997
480 1137943 0.027124
491 2728816 0.043133
513 2829800 0.027622
522 1465130 0.019423
537 2126994 0.039355
539 1477118 0.014715
558 2081833 0.017009
560 1258142 0.039546
601 1713002 0.035298
603 783466 0.022688
615 1697159 0.015172
615 500848 0.00245
625 1203219 0.042327
648 2627647 0.076464
650 540373 0.033845
21 1900350 0.024481
21 680971 0.001879
224 3468958 0.069149
228 1122049 0.02587
231 3947999 0.04
235 2036811 0.033566
236 680971 0.020039
238 3139532 0.057846
239 789832 0.020766
242 519402 0.015065
244 2244525 0.062636
245 990907 0.040441
246 2827116 0.050216
247 1643734 0.036212
251 757909 0.012679
257 2273615 0.025558
258 1146216 0.024048
259 1609850 0.031536
274 3717040 0.054976
276 3125527 0.069637
276 1143317 0.031002
297 1620507 0.032769
298 2096183 0.050663
298 1091725 0.014336
325 2471339 0.048125
397 1419822 0.016494
398 680971 0.00913
427 760579 0.026756
428 1157920 0.013628
456 2731355 0.023643
479 1633416 0.050368
494 1799027 0.01129
495 1303299 0.029746
517 1894016 0.040029
519 1086418 0.022084
529 935871 0.025047
555 374411 0.02499
557 1577735 0.031809
558 609029 0.018279
559 127529 0.024266
570 415996 0.019495
572 1646853 0.013494
573 803310 0.271653
193 1770656 0.025212
226 928941 0.018358
241 594724 0.009617
242 1733070 0.048324
244 2081376 0.038141
247 864515 0.030234
256 1127330 0.030687
219 1264708 0.027364
233 501953 0.01257
235 2116125 0.038049
238 2001811 0.028218
241 981037 0.02131
249 1263769 0.034107
366 1268321 0.034403
368 767440 0.027278
373 3439012 0.037412
375 1263839 0.030133
399 2443498 0.030553
415 1397169 0.008019
442 1759186 0.020846
444 1451814 0.022994
450 1854777 0.035405
452 1098632 0.029272
472 1031248 0.01741
497 641689 0.008257
499 1262546 0.022765
500 484072 0.017231
502 247484 0.018143
513 386572 0.01126
514 1521632 0.025014
515 847557 0.06138
522 2104214 0.048525
535 1264708 0.044056
559 3047530 0.088219
129 1900530 0.009429
130 1134164 0.027084
250 495707 0.012197
251 1149980 0.016101
261 1659978 0.018287
263 250911 0.007598
271 465507 0.011515
272 2133909 0.029792
274 1308681 0.030176
347 1289484 0.049608
349 201315 0.019199
435 1289484 0.014299
436 201315 0.007857
467 2047131 0.008303
495 2957027 0.052283
497 305085 0.008249
515 1909829 0.04913
530 1905013 0.039261
532 1132642 0.025714
549 1853382 0.068547
551 1149055 0.021555
594 393511 0.00157
594 1624657 0.053516
595 1124414 0.005114
596 251543 0.265184
607 1619805 0.017784
608 242250 0.032592
623 808600 0.045185
634 1961433 0.0732
635 3026082 0.073445
641 495707 0.029325
