0.016203
0.012052
0.055262
0.076026
0.086798
0.102404
0.113469
0.14101
0.148563
0.139948
0.175834
0.197693
0.257564
0.22894
0.199663
0.325139
0.354462
0.283713
0.308435
0.399749
0.311735
0.367479
0.485186
0.443009
0.490597
0.420485
0.412269
0.42494
0.434442
0.496857
0.446795
0.409627
0.466424
0.418693
0.425331
0.377672
0.383975
0.447852
0.366537
0.373929
0.435471
0.391468
0.302381
0.314549
0.221464
0.2365
0.234653
0.182766
0.190924
0.342134
0.264447
0.213584
0.194964
0.220759
0.315095
0.183146
0.189072
0.249588
0.266415
0.189068
0.22882
0.171218
0.178958
0.268615
0.150247
0.155142
0.181386
0.134002
0.122815
0.122363
0.152336
0.111942
0.126972
0.125167
0.100545
0.12616
0.120681
0.116855
0.123615
0.12069
0.136878
0.117538
0.127665
0.145413
0.131449
0.153793
0.148894
0.168702
0.148142
0.145925
0.158486
0.14971
0.165004
0.134161
0.129666
0.15438
0.215194
0.198533
0.21895
0.1721
0.212919
0.19957
0.19592
0.237895
0.266122
0.312361
0.329749
0.242647
0.419042
0.390122
0.41712
0.345634
0.408954
0.428674
0.337515
0.414493
0.375935
0.417923
0.410087
0.222188
0.13645
0.13814
0.126197
0.104961
0.089339
0.11064
0.106369
0.089082
0.112
0.105457
0.105834
0.084823
0.108429
0.103649
0.250352
0.099507
0.075499
0.09779
0.076819
0.111692
0.103666
0.120519
0.101335
0.109654
0.114539
0.124607
0.13396
0.147908
0.118626
0.138618
0.138212
0.169252
0.14826
0.163272
0.356253
0.287187
0.311949
0.187851
0.243129
0.314922
0.17727
0.195697
0.306553
0.20334
0.244698
0.173168
0.184982
0.162238
0.138016
0.150537
0.194738
0.183098
0.21852
0.193227
0.187427
0.210956
0.346193
0.306462
0.306535
0.323531
0.408719
0.386087
0.387489
0.441241
0.425238
0.404168
0.620041
0.470659
0.538844
0.476445
0.439713
0.428535
0.437131
0.475261
0.437218
0.594543
0.344671
0.388136
0.316884
0.436331
0.402352
0.441245
0.463128
0.482462
0.410613
0.312125
0.473735
0.391104
0.392646
0.402595
0.505948
0.334891
0.429813
0.228136
0.368998
0.31319
0.253394
0.292037
0.213678
0.220838
0.316746
0.30477
0.208751
0.194532
0.196217
0.217907
0.198671
0.19092
0.169013
0.163412
0.144021
0.132617
0.129827
0.11119
0.129224
0.133798
0.155249
0.163777
0.147985
0.190158
0.228055
0.233727
0.217348
0.262773
0.248535
0.313164
0.366981
0.313216
0.389934
0.667936
0.435062
0.183849
0.177545
0.125694
0.118051
0.112524
0.112039
0.126703
0.120033
0.115707
0.118791
0.123727
0.100887
0.137468
0.137028
0.131001
0.157625
0.142115
0.157735
0.313786
0.278907
0.166501
0.190722
0.338996
0.183004
0.22054
0.157984
0.173296
0.177231
0.128983
0.125783
0.102046
0.13306
0.115788
0.147494
0.142381
0.176857
0.160044
0.228943
0.22254
0.177607
0.362386
0.220451
0.192492
0.230033
0.204466
0.236806
0.273007
0.172789
0.209565
0.167619
0.195156
0.208271
0.185678
0.254579
0.22797
0.268406
0.180996
0.253932
0.32787
0.403523
0.247642
0.306108
0.314485
0.249995
0.367169
0.357841
0.147883
0.196559
0.1486
0.294093
0.2498
0.134044
0.15127
0.148244
0.159363
0.17258
0.138253
0.174825
0.203515
0.176193
0.348945
0.178335
0.256336
0.239489
0.313483
0.19456
0.161293
0.174476
0.168309
0.15269
0.121236
0.115004
0.236145
0.111442
0.143026
0.097557
0.086147
0.118926
0.124069
0.12947
0.141713
0.157812
0.195724
0.175151
0.246504
0.269755
0.322339
0.202657
0.189559
0.159772
0.172007
0.154455
0.17736
0.174636
0.183526
0.15334
0.21623
0.127791
0.275661
0.197349
0.157304
0.19807
0.210867
0.177314
0.190657
0.163403
0.260045
0.303011
0.31418
0.363657
0.383286
0.379415
0.202498
0.335308
0.4341
0.443219
0.454047
0.362269
0.30707
0.274969
0.220534
0.162376
0.102535
0.126067
0.141586
0.127811
0.131337
0.192902
0.155329
0.251931
0.163054
0.277994
0.264114
0.291567
0.425112
0.327758
0.25341
0.424754
0.310762
0.170234
0.144971
0.098013
0.090352
0.117649
0.099524
0.131444
0.151691
0.16988
0.203517
0.178628
0.180819
0.285233
0.149976
0.178186
0.136349
0.158763
0.154927
0.180176
0.153621
0.197585
0.159181
0.21006
0.187597
0.179995
0.348226
0.223407
0.381646
0.637859
0.459979
0.469059
0.404559
0.495059
0.382502
0.269551
0.138269
0.111824
0.131938
0.129999
0.140032
0.121932
0.148988
0.320147
0.142644
0.113811
0.128657
0.124435
0.122792
0.125028
0.135097
0.151576
0.162011
0.160368
0.166077
0.159937
0.161538
0.161425
0.17545
0.279001
0.20754
0.173315
0.198177
0.228793
0.250017
0.200466
0.205607
0.292056
0.316571
0.271724
0.395184
0.410302
0.338214
0.425881
0.390314
0.318494
0.308994
0.399064
0.301363
0.256618
0.161057
0.169037
0.326111
0.170105
0.238123
0.236018
0.293394
0.229078
0.345002
0.238518
0.258891
0.390004
0.362288
0.267121
0.376603
0.255495
0.36432
0.473634
0.410713
0.482417
0.274319
0.45203
0.393222
0.46796
0.275364
0.386034
0.345916
0.315646
0.415073
0.407993
0.316804
0.25039
0.453068
0.334251
0.274113
0.29087
0.415826
0.331882
0.399605
0.475787
0.454916
0.43276
0.45106
0.390651
0.407323
0.35172
0.216021
0.217531
0.288162
0.154446
0.184187
0.178138
0.171452
0.280826
0.339414
0.36129
0.343109
0.245137
0.182487
0.208444
0.180152
0.208798
0.27054
0.372192
0.225027
0.202274
0.474779
0.318887
0.189372
0.209575
0.221024
0.192208
0.208836
0.162699
0.153608
0.161239
0.177184
0.19657
0.195731
0.163414
0.256346
0.197563
0.159662
0.289293
0.135695
0.158336
0.179547
0.17434
0.202946
0.230045
0.241368
0.217606
0.523934
0.205275
0.254862
0.156079
0.189797
0.182418
0.180192
0.152351
0.17504
0.191214
0.189968
0.316478
0.170659
0.149194
0.163787
0.155706
0.199372
0.172346
0.208441
0.185012
0.306719
0.235316
0.333516
0.345033
0.307175
0.404124
0.271435
0.331985
0.208078
0.204537
0.210747
0.386161
0.383372
0.252245
0.326862
0.22078
0.2902
0.641748
0.18081
0.372986
0.17546
0.204854
0.191416
0.186109
0.141373
0.153579
0.134135
0.151349
0.224368
0.207867
0.173559
0.160065
0.364728
0.25154
0.171841
0.263377
0.246289
0.213612
0.278905
0.253659
0.404727
0.258618
0.204493
0.418697
0.26909
0.305579
0.288137
0.63808
0.23479
0.249934
0.174535
0.327145
0.444911
0.416865
0.376314
0.372223
0.255636
0.42193
0.451762
0.444711
0.482592
0.475195
0.280106
0.211322
0.370104
0.338364
0.207428
0.608959
0.357078
0.43668
0.546471
0.594198
0.590408
0.605938
0.482489
0.484015
0.418807
0.46412
0.324945
0.324465
0.208191
0.194902
0.175776
0.19644
0.171242
0.165923
0.164735
0.149886
0.172269
0.204879
0.213899
0.309775
0.18799
0.102355
0.056785
0.169193
0.161825
0.117071
0.125835
0.150352
0.196419
0.176908
0.235311
0.23889
0.227756
0.264338
0.244582
0.590188
0.503719
0.415465
0.387214
0.365444
0.466519
0.46248
0.514272
0.362848
0.359561
0.444087
0.383399
0.43835
0.554517
0.468034
0.533677
0.326586
0.332538
0.3885
0.340992
0.313619
0.173041
0.147396
0.208901
0.200451
0.184336
0.163588
0.152678
0.296083
0.153333
0.187605
0.157056
0.177185
0.189857
0.175944
0.190312
0.173398
0.18271
0.160218
0.144616
0.124962
0.180472
0.17293
0.137343
0.18041
0.209308
0.163475
0.229883
0.220309
0.218771
0.352482
0.788592
0.513586
0.43642
0.222051
0.109682
0.076832
0.120315
0.083952
0.103387
0.117473
0.130652
0.109313
0.152057
0.136549
0.200727
0.222476
0.167
0.184656
0.24582
0.286123
0.201244
0.433246
0.188265
0.307409
0.302007
0.225869
0.176431
0.256187
0.391438
0.262987
0.328044
0.219944
0.289015
0.379969
0.339529
0.411813
0.50508
0.402354
0.338035
0.464839
0.446565
0.420557
0.499031
0.554386
0.41957
0.46274
0.454878
0.426877
0.526444
0.443558
0.815476
0.381254
0.549216
0.413391
0.460475
0.433185
0.286703
0.453556
0.402431
0.406846
0.448864
0.485658
0.305197
0.504068
0.433636
0.366093
0.238034
0.42466
0.458595
0.43813
0.345227
0.423825
0.331845
0.204783
0.306533
0.251888
0.314272
0.272033
0.255122
0.363278
0.174013
0.177183
0.457632
0.42353
0.431049
0.189988
0.238308
0.244616
0.305358
0.150598
0.175351
0.118304
0.206393
0.256659
0.256807
0.288581
0.165701
0.209731
0.266729
0.193741
0.469166
0.216645
0.205448
0.366255
0.178537
0.164456
0.154648
0.196138
0.199666
0.193787
0.413723
0.321927
0.209112
0.169454
0.20924
0.375389
0.16223
0.31031
0.170023
0.144467
0.152307
0.141201
0.149086
0.155788
0.129719
0.157228
0.175372
0.321919
0.211193
0.460688
0.136187
0.216017
0.150022
0.149849
0.156893
0.15774
0.156731
0.195536
0.203903
0.261358
0.256012
0.36581
0.408811
0.654157
0.249329
0.51891
0.44844
0.591742
0.556683
0.433939
0.466147
0.366644
0.472405
0.459582
0.278551
0.367092
0.487605
0.390763
0.488708
0.483034
0.453534
0.246325
0.2445
0.220427
0.25676
0.230992
0.346719
0.326182
0.292032
0.309511
0.425239
0.431281
0.528207
0.331059
0.464596
0.383403
0.370244
0.246487
0.325654
0.276249
0.242589
0.173011
0.156387
0.163678
0.155246
0.165107
0.147964
0.191956
0.168243
0.170624
0.232389
0.451308
0.16278
0.161469
0.369074
0.288727
0.403041
0.373351
0.536868
0.522479
0.518619
0.516989
0.525741
0.604532
0.390539
0.481772
0.656485
0.62495
0.390091
0.500623
0.65827
0.449744
0.442262
0.424792
0.782801
0.845864
0.929798
0.806637
0.896737
0.971797
0.816626
0.789032
0.796846
0.92249
0.610035
0.759091
0.630486
0.796877
0.4175
0.485912
0.693085
0.406074
0.191937
0.325906
0.559322
0.425612
0.209841
0.227777
0.226583
0.208162
0.307967
0.142051
0.131606
0.145188
0.102754
0.121609
0.184505
0.122874
0.159527
0.317147
0.349221
0.237161
0.309478
0.349083
0.38073
0.728659
0.425808
0.607869
0.468399
0.320927
0.248067
0.40263
0.377756
0.29105
0.478841
0.342624
0.35844
0.516839
0.202972
0.197864
0.152824
0.105587
0.116908
0.139955
0.197982
0.408069
0.250468
0.358949
0.247999
0.556393
0.285592
0.443098
0.345373
0.269376
0.18649
0.233099
0.222574
0.281664
0.398542
0.320141
0.624104
0.234959
0.356627
0.613921
0.297437
0.525454
0.513829
0.35949
0.292931
0.442203
0.624006
0.253159
0.271606
0.36862
0.409064
0.411252
0.383423
0.567687
0.371904
0.254035
0.357423
0.200463
0.541634
0.300171
0.35362
0.542613
0.319107
0.492775
0.366602
0.462572
0.251422
0.324437
0.324823
0.40253
0.35202
0.306083
0.366376
0.353009
0.526036
0.284536
0.42445
0.294702
0.166108
0.192177
0.307639
0.156205
0.22088
0.1815
0.150023
0.219954
0.164568
0.22104
0.299216
0.179271
0.168353
0.189794
0.206243
0.168642
0.203264
0.35236
0.263161
0.260113
0.283201
0.292121
0.270521
0.177237
0.391668
0.188421
0.169525
0.151235
0.190692
0.301436
0.279329
0.279031
0.295451
0.408794
0.234953
0.364212
0.30712
0.326862
0.392018
0.412679
0.208476
0.123319
0.181545
0.227317
0.214419
0.272969
0.304834
0.240159
0.412799
0.617159
0.552941
0.472324
0.486655
0.429135
0.555508
0.812175
0.479772
0.480557
0.615079
0.48505
0.469732
0.526373
0.488379
0.188326
0.217158
0.409648
0.589829
0.336094
0.426895
0.232021
0.330626
0.321434
0.293255
0.432447
0.394056
0.535687
0.335984
0.292811
0.312544
0.528781
0.547721
0.41527
0.531278
0.42346
0.486555
0.415557
0.488367
0.442777
0.562295
0.514602
0.569148
0.465045
0.539212
0.510107
0.644609
0.423104
0.565605
0.44887
0.473757
0.506017
0.49851
0.39659
0.349756
0.284454
0.234308
0.150779
0.28063
0.137643
0.094474
0.215929
0.112228
0.141801
0.152675
0.25111
0.238336
0.283207
0.210871
0.365482
0.331454
0.301814
0.464263
0.370558
0.478708
0.524115
0.82351
0.511883
0.623145
0.331941
0.511025
0.669067
0.454292
0.655059
0.472732
0.499841
0.485127
0.667922
0.559893
0.815042
0.6916
0.824623
0.569168
0.521372
0.622955
0.478663
0.438149
0.470639
0.422251
0.43366
0.390249
0.457802
0.499382
0.440872
0.444039
0.419409
0.507872
0.277218
0.443088
0.199921
0.389079
0.41619
0.288307
0.290859
0.188675
0.337549
0.359688
0.329274
0.246045
0.278594
0.425343
0.485053
0.577226
0.424409
0.298504
0.34893
0.231736
0.384323
0.407274
0.346265
0.179267
0.216593
0.40306
0.246977
0.274853
0.319889
0.350132
0.385376
0.279498
0.287813
0.30131
0.336633
0.361455
0.35677
0.183706
0.173764
0.195821
0.214501
0.301188
0.305868
0.362175
0.41077
0.415831
0.450475
0.453533
0.492409
0.489378
0.538213
0.526071
0.521666
0.540787
0.600616
0.558249
0.470269
0.286961
0.190422
0.140192
0.163183
0.166655
0.172061
0.196232
0.259851
0.238991
0.311883
0.275017
0.314246
0.33692
0.360543
0.201022
0.248926
0.154027
0.164614
0.525952
0.231152
0.191104
0.22787
0.197723
0.197533
0.191837
0.199309
0.211913
0.1535
0.171517
0.160568
0.183086
0.291582
0.344478
0.355252
0.359753
0.341371
0.373006
0.308719
0.354251
0.418723
0.39383
0.499993
0.535352
0.263992
0.433906
0.410589
0.260441
0.33692
0.347713
0.259438
0.395123
0.398206
0.465431
0.457915
0.54141
0.652885
0.477898
0.529059
0.481635
0.447576
0.35831
0.415748
0.339757
0.437347
0.362475
0.464581
0.476027
0.423553
0.384234
0.81968
0.419803
0.349548
0.511734
0.455167
0.439437
0.705245
0.559625
0.673495
0.783367
0.484068
0.4941
0.546725
0.433019
0.546603
0.823477
0.73958
0.510078
0.569014
0.627867
0.502028
0.381866
0.29522
0.339888
0.424959
0.577616
0.302201
0.672915
0.482363
0.507643
0.476006
0.487918
0.440891
0.744743
0.729933
0.340851
0.40864
0.39972
0.439129
0.46731
0.35032
0.414709
0.482529
0.482478
0.610902
0.512213
0.504099
0.466465
0.50044
0.444606
0.473957
0.51105
0.433317
0.750586
0.51225
0.815203
0.427893
0.597008
0.641703
0.609409
0.397294
0.700696
1.00093
1.27096
0.407989
0.567224
0.302461
0.560253
0.320787
0.456581
0.389812
0.405653
0.47687
0.417279
0.517413
0.478116
0.312462
0.62504
0.377416
0.452486
0.531838
0.371058
0.667432
0.475915
0.592173
0.566801
0.529113
0.633428
0.562433
1.01874
1.18678
0.9887
0.736068
0.514312
0.567489
0.434052
0.492455
0.460314
0.493531
0.410688
0.360821
0.222574
0.274548
0.307497
0.327726
0.360558
0.3696
0.384218
0.347051
0.420238
0.408073
0.409338
0.475143
0.524958
0.449264
0.534879
0.482636
0.561882
0.46625
0.471228
0.508327
0.545747
0.548331
0.439236
0.44719
0.449001
0.438557
0.458774
0.614326
0.360925
0.553812
0.557004
0.612071
0.634341
0.436309
0.485522
0.632116
0.453666
0.47388
0.423388
0.450079
0.418168
0.423277
0.446114
0.520431
0.469815
0.476976
0.487956
0.510024
0.366436
0.361579
0.384756
0.542158
0.397621
0.32816
0.500018
0.390922
0.364958
0.280019
0.41089
0.404042
0.328666
0.539436
0.269499
0.395566
0.523972
0.364434
0.636922
0.49338
0.481902
0.452135
0.303351
0.327879
0.363735
0.460113
0.476472
0.426012
0.494784
0.463183
0.482359
0.758368
0.566235
0.578455
0.452355
0.511803
0.699597
0.40199
0.422017
0.429025
0.438844
0.238779
0.325325
0.272128
0.234494
0.298089
0.196485
0.298292
0.372433
0.243286
0.266338
0.211252
0.191237
0.207336
0.341633
0.25771
0.323737
0.218352
0.30477
0.248604
0.16184
0.16609
0.16952
0.169644
0.134177
0.166273
0.150723
0.184835
0.228637
0.247624
0.227686
0.264397
0.397218
0.427356
0.439827
0.406133
0.493516
0.46096
0.455867
0.471366
0.521979
0.576722
0.604365
0.491497
0.439875
0.424269
0.61122
0.55924
0.462595
0.304625
0.332192
0.328683
0.241512
0.250809
0.192512
0.181935
0.25399
0.250552
0.358808
0.216536
0.279528
0.583399
0.251531
0.217954
0.211738
0.104721
0.131618
0.114463
0.171492
0.366835
0.53941
0.639707
0.579324
0.713475
1.05343
0.560877
0.783852
0.773459
0.699394
0.511716
0.39477
0.390219
0.279286
0.316019
0.298859
0.364234
0.397617
0.28594
0.534426
1.09579
1.12079
0.804798
1.01573
0.965865
1.24971
1.23843
0.898281
1.25816
0.876819
0.92916
0.497123
0.460756
0.545448
0.655171
0.477108
0.472504
0.311749
0.165253
0.302951
0.170213
0.158159
0.161204
0.141068
0.185029
0.132513
0.172483
0.241494
0.249071
0.137475
0.430753
0.2558
0.19778
0.261713
0.251992
0.217744
0.185393
0.232912
0.465438
0.29867
0.259026
0.252343
0.32187
0.444889
0.437684
0.275462
0.329858
0.309417
0.392803
0.311932
0.312387
0.471932
0.319501
0.470095
0.282044
0.275975
0.305946
0.351752
1.19997
0.977391
1.35594
1.20217
0.983355
1.2048
0.809924
1.20665
1.21047
0.947684
0.814482
0.883246
0.673057
0.693965
0.584778
0.674249
0.440648
0.345967
0.304013
0.39671
0.494668
0.551688
0.256739
0.500437
0.413631
0.394778
0.395287
0.342478
0.236161
0.217358
0.197747
0.409089
0.631087
0.819432
0.738194
0.441677
0.974851
0.895459
0.978704
0.639435
0.570395
0.458828
0.469329
0.826219
0.385222
0.570115
0.411252
0.331325
