0 0 0
1 1 1110
2 4 1203
3 6 1504
4 9 1946
5 11 1929
6 14 2270
7 15 2417
8 17 2644
9 19 2858
10 21 3135
11 23 3362
12 25 3630
13 27 3870
14 29 4083
15 31 4295
16 33 4584
17 35 4890
18 36 5068
19 38 5266
20 41 5654
21 43 6018
22 44 6244
23 45 6475
24 47 6652
25 48 6679
26 50 6823
27 51 6899
28 53 7193
29 55 7368
30 57 7550
31 58 7664
32 60 7902
33 61 8092
34 63 8452
35 64 8589
36 66 8625
37 66 8618
38 67 8726
39 69 8960
40 70 9042
41 72 8980
42 74 9147
43 76 9327
44 78 9545
45 80 9695
46 81 9712
47 83 10174
48 85 10063
49 87 10379
50 89 10818
51 91 10993
52 93 11146
53 96 11100
54 99 11490
55 100 11610
56 102 12099
57 105 12226
58 109 12647
59 111 13044
60 113 13330
61 115 13552
62 117 13782
63 119 13920
64 121 14097
65 122 14364
66 124 14509
67 126 14423
68 128 14556
69 130 14852
70 132 15090
71 134 15378
72 134 15378
73 128 15423
74 122 14533
75 124 14401
76 126 14525
77 128 14675
78 130 14890
79 132 15028
80 135 15220
81 138 15453
82 131 15806
83 123 14527
84 111 12748
85 113 11929
86 115 12120
87 117 12138
88 119 12300
89 121 12664
90 125 12911
91 129 13374
92 132 13643
93 136 14294
94 138 14660
95 140 14957
96 142 15145
97 144 15130
98 131 15230
99 132 13690
100 135 14126
101 137 14409
102 140 14877
103 142 15178
104 144 15381
105 146 15652
106 147 15795
107 149 16000
108 151 16286
109 152 16435
110 154 16649
111 155 16792
112 143 16881
113 144 15819
114 146 16107
115 147 16303
116 148 16441
117 149 16505
118 150 16570
119 152 16755
120 154 16954
121 155 16941
122 156 17061
123 158 17278
124 160 17433
125 162 17560
126 164 17802
127 166 18091
128 168 18227
129 169 18358
130 149 18505
131 151 16722
132 152 16915
133 153 17060
134 154 17229
135 155 17338
136 157 17566
137 157 17566
138 159 17549
139 160 17667
140 162 17883
141 163 17949
142 165 18188
143 168 18381
144 160 18564
145 146 18001
146 140 15589
147 141 15800
148 143 15869
149 144 15983
150 145 16106
151 147 16208
152 149 16276
153 151 16461
154 153 16706
155 155 16885
156 157 17099
157 159 17498
158 160 17576
159 172 17839
160 189 20877
161 198 21481
162 199 21521
163 201 21946
164 203 22077
165 205 22218
166 207 22414
167 208 22552
168 210 22894
169 211 23068
170 213 23095
171 215 23482
172 216 23662
173 217 23760
174 219 23948
175 210 24073
176 192 23178
177 182 21433
178 183 20775
179 185 20946
180 187 21083
181 188 21294
182 174 21496
183 175 21507
184 153 19708
185 145 17452
186 147 16934
187 148 16929
188 150 17471
189 151 17454
190 152 17447
191 144 17122
192 127 16386
193 112 14709
194 103 13146
195 94 11858
196 95 11337
197 96 11403
198 97 11497
199 99 11815
200 89 11897
201 79 10260
202 65 9055
203 66 7674
204 67 7799
205 69 8016
206 70 8182
207 72 8316
208 74 8547
209 75 8687
210 64 8905
211 66 7748
212 68 7790
213 70 8055
214 72 8375
215 74 8963
216 75 8998
217 77 8882
218 66 9126
219 68 8168
220 69 8354
221 71 8447
222 72 8509
223 73 8673
224 74 8764
225 76 8948
226 78 9230
227 80 9069
228 82 9266
229 84 9491
230 74 10017
231 76 8790
232 76 8780
233 77 8999
234 78 9163
235 79 9418
236 80 9541
237 81 9604
238 83 9737
239 84 9818
240 86 9994
241 87 10144
242 88 10342
243 89 10574
244 90 10726
245 91 10874
246 80 11226
247 82 9759
248 83 9954
249 84 10136
250 85 10223
251 86 10375
252 87 10482
253 88 10527
254 89 10523
255 91 10666
256 93 10758
257 94 10871
258 95 10973
259 84 11116
260 85 10154
261 86 10368
262 86 10368
263 87 10524
264 88 10714
265 89 10947
266 90 11112
267 91 11260
268 93 11459
269 94 11604
270 95 11717
271 96 11803
272 97 11986
273 110 12166
274 111 13353
275 112 13408
276 113 13484
277 114 13685
278 115 13757
279 116 13868
280 117 13952
281 119 14193
282 120 14245
283 121 14286
284 123 14308
285 124 14277
286 125 14537
287 126 14882
288 139 16236
289 141 16285
290 143 16311
291 145 16409
292 147 16686
293 148 17071
294 150 17113
295 151 17257
296 152 17392
297 153 17529
298 154 17627
299 155 17716
300 156 17802
301 158 18039
302 170 18111
303 172 19472
304 174 20039
305 176 19958
306 178 20162
307 180 20356
308 181 20484
309 183 20888
310 184 20953
311 185 21082
312 187 21402
313 188 21529
314 203 23121
315 204 23123
316 206 23330
317 207 23520
318 208 23587
319 210 23671
320 212 23913
321 213 24058
322 214 24202
323 216 24303
324 218 24411
325 219 24456
326 221 24682
327 223 24961
328 237 26379
329 238 26495
330 239 26627
331 241 26991
332 242 27132
333 243 27261
334 245 27462
335 246 27627
336 247 27789
337 248 27969
338 249 28112
339 237 28688
340 239 26753
341 240 26847
342 241 26939
343 242 27090
344 243 27276
345 244 27406
346 246 27832
347 247 27914
348 248 27951
349 238 28012
350 222 26841
351 223 25160
352 224 25222
353 226 25586
354 227 25781
355 228 25814
356 229 25854
357 230 25976
358 231 26173
359 232 26198
360 233 26309
361 220 26480
362 211 24669
363 212 24742
364 197 24123
365 189 21952
366 190 21351
367 192 21519
368 193 21570
369 195 21840
370 196 22026
371 197 22173
372 185 22337
373 187 21365
374 188 21285
375 189 21465
376 190 21697
377 191 21765
378 192 22205
379 193 21823
380 195 22080
381 185 22171
382 187 20921
383 189 21244
384 190 21345
385 192 21411
386 194 21691
387 195 21894
388 196 22142
389 198 22163
390 188 22456
391 189 21396
392 191 21449
393 192 21554
394 194 21956
395 195 22129
396 196 22157
397 198 22496
398 188 22597
399 189 21733
400 190 21930
401 192 22203
402 193 22284
403 194 22363
404 195 22476
405 220 24330
406 238 25347
407 248 28453
408 249 28536
409 234 28479
410 221 26993
411 222 27062
412 222 25630
413 224 25721
414 225 25768
415 227 26001
416 228 26206
417 229 26332
418 219 26580
419 220 26654
420 207 25345
421 196 24155
422 186 22806
423 179 21572
424 164 20679
425 166 20857
426 168 19452
427 170 19785
428 172 20191
429 174 20474
430 186 21727
431 204 23392
432 206 23607
433 209 23792
434 182 23166
435 184 23301
436 177 21458
437 167 20789
438 168 19625
439 169 19754
440 171 20145
441 172 20204
442 173 20256
443 173 20256
444 175 20474
445 176 20543
446 177 20625
447 179 20580
448 180 20820
449 181 21112
450 181 21112
451 182 21326
452 182 21326
453 183 21605
454 183 21605
455 183 21605
456 184 21819
457 184 21819
458 185 21685
459 185 21685
460 173 21585
461 166 20395
462 155 19051
463 139 18536
464 140 18834
465 141 17164
466 142 17271
467 143 17281
468 144 17451
469 145 17587
470 146 17656
471 147 17809
472 148 17973
473 137 18087
474 121 16899
475 107 15368
476 109 13416
477 111 14013
478 112 14238
479 113 14296
480 115 14460
481 116 14528
482 110 14754
483 103 13716
484 95 13245
485 95 12522
486 96 12673
487 98 12737
488 99 12872
489 100 12947
490 102 13158
491 103 13252
492 105 13332
493 93 13406
494 95 12141
495 96 12281
496 98 12523
497 99 12751
498 101 12957
499 102 13016
500 104 12905
501 106 13027
502 108 13201
503 109 13245
504 111 13457
505 113 13567
506 114 13675
507 115 13780
508 99 13884
509 95 11792
510 96 11802
511 97 12034
512 97 12026
513 98 12163
514 99 12142
515 116 12142
516 122 14905
517 123 15039
518 124 14997
519 126 15013
520 128 15229
521 129 15377
522 130 15598
523 131 15803
524 133 15893
525 134 15919
526 136 16071
527 152 16312
528 153 17892
529 156 17977
530 158 18337
531 159 19074
532 161 18751
533 163 18916
534 165 19137
535 175 19359
536 180 20675
537 182 20982
538 184 21446
539 186 21285
540 188 21457
541 190 21678
542 191 21992
543 204 22600
544 206 23462
545 208 24075
546 211 24029
547 212 24034
548 213 24186
549 215 24402
550 217 24389
551 233 25998
552 243 26208
553 244 27863
554 247 28151
555 248 28179
556 250 28372
557 248 28338
558 249 29112
559 262 28848
560 264 29919
561 285 30208
562 268 32778
563 261 30492
564 248 29725
565 236 28361
566 225 26718
567 227 25734
568 227 25734
569 241 27645
570 256 29039
571 281 30450
572 283 31988
573 270 32198
574 270 30864
575 260 30723
576 262 30052
577 265 30241
578 268 30615
579 286 32432
580 287 32509
581 275 32959
582 270 31560
583 264 30652
584 267 29807
585 270 30064
586 272 30426
587 273 30765
588 274 31040
589 264 31001
590 253 29794
591 255 28564
592 257 28630
593 259 28844
594 260 28840
595 262 29045
596 264 29316
597 251 29489
598 240 28295
599 225 27139
600 227 25419
601 229 25519
602 230 25725
603 231 25833
604 233 25952
605 232 26256
606 224 26039
607 208 25641
608 204 22754
609 205 22324
610 207 22484
611 209 22532
612 210 22634
613 212 22714
614 214 22978
615 202 23145
616 190 22167
617 192 20913
618 193 21090
619 194 21679
620 196 21543
621 197 21675
622 199 21737
623 200 21885
624 201 21981
625 202 22012
626 217 23858
627 242 25396
628 255 27897
629 266 28786
630 297 31396
631 286 32901
632 281 31521
633 278 30767
634 281 30826
635 299 32710
636 318 34754
637 320 35144
638 345 38048
639 362 39802
640 364 39984
641 392 41386
642 395 43167
643 407 44320
644 426 46171
645 413 46254
646 415 45021
647 416 45132
648 432 45160
649 443 48021
650 460 49977
651 461 50113
652 461 50113
653 462 50343
654 462 50343
655 449 50465
656 438 49168
657 421 47903
658 407 46093
659 408 44210
660 422 45701
661 451 48056
662 456 49501
663 475 51349
664 503 54722
665 515 55477
666 516 55620
667 517 55787
668 504 56046
669 497 53944
670 509 55409
671 524 57138
672 526 57197
673 513 57305
674 500 56014
675 493 54619
676 494 54760
677 483 52688
678 494 54333
679 511 54544
680 536 56542
681 537 59574
682 547 60054
683 549 60372
684 550 60498
685 541 60651
686 528 59277
687 518 58087
688 505 56850
689 506 56017
690 514 56775
691 523 57397
692 524 57473
693 526 57611
694 527 57852
695 529 58069
696 521 58102
697 511 56904
698 501 56221
699 489 54832
700 479 53784
701 469 52850
702 460 51901
703 443 50802
704 444 50701
705 445 49228
706 447 49245
707 449 49405
708 443 49552
709 418 47378
710 420 47653
711 398 45747
712 383 42850
713 384 43025
714 373 41717
715 359 40617
716 349 38150
717 351 37717
718 352 37880
719 354 38179
720 355 38257
721 357 38430
722 372 39950
723 387 41530
724 381 41418
725 371 40604
726 358 39211
727 344 38067
728 332 36716
729 312 35240
730 313 35382
731 308 33549
732 306 33184
733 290 33152
734 280 31234
735 280 30343
736 283 30393
737 285 30757
738 300 32239
739 316 33882
740 330 35259
741 343 36491
742 331 37191
743 333 35478
744 335 35555
745 337 35734
746 339 35984
747 354 37423
748 359 37857
749 370 39239
750 385 40972
751 402 43723
752 388 43443
753 374 41889
754 376 40409
755 378 40541
756 397 40916
757 399 42683
758 400 42982
759 386 43211
760 376 41863
761 358 40007
762 359 38840
763 360 39004
764 362 39072
765 375 40291
766 376 40404
767 366 41200
768 343 39615
769 328 36814
770 329 36922
771 321 35395
772 323 34717
773 324 34931
774 340 35062
775 331 36628
776 318 35637
777 318 34332
778 320 34716
779 323 34547
780 325 34744
781 342 36418
782 341 37071
783 334 36898
784 322 36162
785 312 35178
786 300 33740
787 301 32805
788 302 32977
789 303 33142
790 319 34612
791 333 36110
792 334 37139
793 320 35616
794 311 34375
795 313 33503
796 316 33706
797 318 33901
798 324 34499
799 325 34638
800 310 34925
801 298 33242
802 286 32006
803 288 30455
804 290 30956
805 291 31053
806 293 31319
807 294 31453
808 285 31573
809 273 30480
810 264 29440
811 265 28334
812 266 28563
813 268 29036
814 269 29185
815 275 29382
816 290 31430
817 297 31392
818 310 33503
819 311 33624
820 302 33795
821 288 32670
822 282 31332
823 279 30620
824 281 30300
825 283 30706
826 284 30761
827 269 30910
828 258 29308
829 245 28292
830 247 28545
831 248 27218
832 250 27482
833 238 27686
834 239 27860
835 228 26200
836 212 25355
837 213 25481
838 209 22851
839 210 22921
840 211 22961
841 212 23215
842 230 25533
843 242 26907
844 250 27768
845 251 27817
846 252 27813
847 252 27813
848 254 28016
849 254 27993
850 256 28366
851 256 28334
852 257 28540
853 258 28663
854 259 28755
855 260 28904
856 261 28998
857 263 29604
858 264 29364
859 265 29420
860 267 29317
861 268 29455
862 270 29779
863 271 29858
864 272 29904
865 273 30102
866 274 30343
867 276 30797
868 277 30871
869 278 31108
870 280 31468
871 281 31663
872 282 31857
873 283 32097
874 284 32255
875 285 32376
876 286 32421
877 270 32410
878 271 32509
879 257 30938
880 246 29474
881 230 28152
882 231 28250
883 231 26272
884 233 26629
885 234 26796
886 235 26992
887 236 27098
888 237 27013
889 238 27611
890 240 27349
891 241 27646
892 243 27725
893 244 27910
894 245 28177
895 247 28361
896 249 28497
897 251 28655
898 253 29252
899 240 29408
900 239 27708
901 240 27739
902 242 27895
903 244 27940
904 245 28191
905 246 28923
906 248 28664
907 240 28914
908 228 27892
909 217 26278
910 217 25065
911 218 25259
912 220 25529
913 223 25713
914 225 25903
915 209 26004
916 210 23764
917 210 24123
918 212 24083
919 213 24222
920 215 24392
921 231 25953
922 232 26055
923 263 27671
924 264 29817
925 265 29877
926 267 29998
927 268 29974
928 255 30331
929 256 30476
930 245 29137
931 233 28000
932 233 28000
933 220 26573
934 208 25389
935 194 24431
936 196 22514
937 198 22660
938 199 22845
939 187 23119
940 172 21622
941 159 19567
942 159 18285
943 160 18444
944 162 18533
945 163 18587
946 165 18736
947 166 18829
948 185 19083
949 192 21941
950 194 22172
951 196 22542
952 199 22677
953 184 22921
954 185 22960
955 187 20956
956 177 21048
957 164 20356
958 169 18891
959 173 19225
960 172 19882
961 163 19704
962 166 20091
963 164 19000
964 154 17885
965 144 17581
966 145 16363
967 147 16449
968 149 16884
969 151 16804
970 153 17157
971 154 17285
972 155 17354
973 157 17464
974 159 17649
975 161 17841
976 163 18094
977 164 18114
978 166 18356
979 168 18571
980 170 18972
981 172 19212
982 178 20085
983 189 21048
984 191 21327
985 176 21455
986 177 21510
987 167 19733
988 162 18730
989 148 18316
990 150 16904
991 169 18889
992 187 20911
993 189 21118
994 191 21472
995 194 21826
996 190 22112
997 192 21638
998 202 23150
999 214 23968
1000 233 26244
1001 234 26426
1002 235 26477
1003 238 26792
1004 229 26785
1005 214 25475
1006 215 25587
1007 205 24012
1008 226 23404
1009 236 25435
1010 248 27684
1011 249 27655
1012 250 27704
1013 252 28021
1014 251 28199
1015 221 27650
1016 222 27744
1017 200 24282
1018 202 22784
1019 214 24200
1020 230 25136
1021 232 26873
1022 233 26991
1023 218 27118
1024 220 25516
1025 236 26871
1026 237 27088
1027 239 27213
1028 240 27684
1029 242 27584
1030 243 27610
1031 238 27729
1032 232 26875
1033 233 26467
1034 246 28120
1035 248 28242
1036 249 28193
1037 251 28387
1038 253 28519
1039 254 28700
1040 255 28954
1041 257 29237
1042 259 29312
1043 261 29563
1044 263 29858
1045 264 30041
1046 266 30310
1047 267 30552
1048 268 30794
1049 285 33295
1050 299 34055
1051 300 34134
1052 301 34384
1053 332 36607
1054 321 38039
1055 307 36353
1056 309 34762
1057 322 35771
1058 323 35902
1059 324 36035
1060 325 36069
1061 327 36084
1062 340 36238
1063 342 37769
1064 342 37769
1065 361 38496
1066 362 40201
1067 363 40340
1068 365 40504
1069 366 40620
1070 367 40727
1071 368 40817
1072 368 40817
1073 368 40817
1074 368 40817
1075 368 40817
1076 368 40817
1077 368 40817
1078 368 40817
1079 368 40817
1080 368 40817
1081 368 40817
1082 368 40817
1083 368 40817
1084 368 40817
1085 368 40817
1086 368 40628
1087 368 40628
1088 369 40748
1089 371 41260
1090 371 41260
1091 372 41405
1092 373 41495
1093 362 41582
1094 363 41578
1095 365 40812
1096 378 42690
1097 379 42778
1098 394 42778
1099 394 44506
1100 405 44632
1101 407 45988
1102 422 47046
1103 428 47228
1104 431 47845
1105 445 49266
1106 445 49266
1107 445 49266
1108 445 49266
1109 445 49266
1110 445 49266
1111 445 49266
1112 445 49266
1113 445 49266
1114 445 49266
1115 462 49266
1116 462 49266
1117 452 51470
1118 452 51470
1119 452 51470
1120 452 51470
1121 452 51470
1122 452 51470
1123 452 51470
1124 452 51470
1125 452 51470
1126 452 51470
1127 452 51470
1128 452 51470
1129 452 51470
1130 452 51470
1131 452 51470
1132 452 51470
1133 452 51470
1134 452 51470
1135 452 51470
1136 452 51470
1137 452 51470
1138 452 51470
1139 452 51470
1140 452 51470
1141 452 51470
1142 452 51470
1143 452 51470
1144 452 51470
1145 452 51470
1146 452 51470
1147 452 51470
1148 452 51470
1149 452 51470
1150 452 51470
1151 452 51470
1152 452 51470
1153 452 51470
1154 452 51470
1155 452 51470
1156 452 51470
1157 452 51470
1158 452 51470
1159 452 51470
1160 452 51470
1161 452 51470
1162 452 51470
1163 452 51470
1164 452 51470
1165 452 51470
1166 452 51470
1167 452 51470
1168 452 51470
1169 452 51470
1170 452 51470
1171 440 50348
1172 446 49125
1173 446 49125
1174 446 49125
1175 446 49125
1176 446 49125
1177 446 49125
1178 446 49125
1179 446 49125
1180 446 49125
1181 446 49125
1182 446 49125
1183 446 49125
1184 446 49125
1185 446 49125
1186 446 49125
1187 446 49125
1188 446 49125
1189 446 49125
1190 446 49125
1191 446 50264
1192 453 50827
1193 453 50827
1194 460 51903
1195 468 52413
1196 468 51481
1197 469 51686
1198 471 52141
1199 472 52219
1200 474 52360
1201 475 52585
1202 478 53051
1203 479 53031
1204 492 54819
1205 504 55848
1206 533 57627
1207 542 59813
1208 543 59830
1209 543 59982
1210 528 59717
1211 529 59828
1212 516 57841
1213 517 57962
1214 519 56878
1215 532 57689
1216 534 57878
1217 553 59791
1218 542 59967
1219 543 60188
1220 543 60691
1221 545 60364
1222 546 60459
1223 548 60619
1224 549 60783
1225 550 60868
1226 551 61570
1227 553 61200
1228 553 61200
1229 555 61443
1230 556 61570
1231 557 61716
1232 558 61765
1233 560 61880
1234 561 61930
1235 561 61930
1236 562 62913
1237 563 62579
1238 564 62851
1239 564 62851
1240 566 62744
1241 567 62701
1242 568 62984
1243 568 62975
1244 569 63268
1245 569 63267
1246 569 63267
1247 569 63267
1248 569 63267
1249 569 63267
1250 569 63267
1251 569 63267
1252 569 63267
1253 569 63267
1254 569 63267
1255 569 63267
1256 569 63267
1257 569 63267
1258 569 63267
1259 569 63267
1260 569 63267
1261 569 63267
1262 569 63267
1263 569 63267
1264 569 63267
1265 569 63267
1266 569 63267
1267 569 63267
1268 569 63267
1269 569 63267
1270 569 63267
1271 569 63267
1272 569 63267
1273 569 63267
1274 569 63267
1275 569 63267
1276 569 63267
1277 569 63267
1278 569 63267
1279 569 63267
1280 569 63267
1281 569 63267
1282 569 63267
1283 569 63267
1284 569 63267
1285 569 63267
1286 569 63267
1287 555 61562
1288 555 61562
1289 555 61562
1290 555 61562
1291 555 61562
1292 555 61562
1293 555 61562
1294 555 61562
1295 555 61562
1296 555 61562
1297 555 61562
1298 555 61562
1299 555 61562
1300 555 61562
1301 543 60242
1302 543 60242
1303 543 60242
1304 532 59176
1305 523 58207
1306 507 57022
1307 507 57022
1308 507 55213
1309 520 56784
1310 533 57826
1311 533 57826
1312 536 58609
1313 568 62161
1314 591 63899
1315 580 63670
1316 566 62617
1317 547 61100
1318 547 61100
1319 528 57905
1320 528 57905
1321 519 56922
1322 508 56142
1323 471 54877
1324 471 54877
1325 460 50992
1326 434 50196
1327 434 50196
1328 420 47278
1329 406 45862
1330 393 44384
1331 380 43017
1332 365 41664
1333 357 39936
1334 357 39138
1335 371 40421
1336 399 42060
1337 402 43445
1338 402 43445
1339 420 46191
1340 420 46191
1341 444 47116
1342 456 49818
1343 486 51404
1344 500 54208
1345 516 56154
1346 533 58055
1347 547 59802
1348 562 61448
1349 589 62710
1350 599 65784
1351 622 66083
1352 633 67748
1353 633 68531
1354 633 68531
1355 633 68531
1356 634 68714
1357 635 68860
1358 637 68935
1359 638 69089
1360 639 69217
1361 640 69400
1362 641 69622
1363 642 69658
1364 629 69734
1365 629 69726
1366 630 69797
1367 631 69883
1368 631 69883
1369 631 69883
1370 631 69883
1371 619 68600
1372 619 68600
1373 602 67297
1374 602 67297
1375 573 65630
1376 573 65630
1377 572 63192
1378 569 63124
1379 569 62485
1380 569 62485
1381 569 62485
1382 569 62485
1383 569 62485
1384 570 62460
1385 571 62430
1386 572 62690
1387 566 62979
1388 567 63079
1389 567 63070
1390 568 63080
1391 569 63233
1392 570 63373
1393 570 63373
1394 571 63394
1395 572 63501
1396 573 63677
1397 574 64064
1398 575 64008
1399 576 64164
1400 576 64164
1401 577 64284
1402 578 64310
1403 579 64382
1404 580 64421
1405 581 64457
1406 582 64590
1407 582 64590
1408 582 64590
1409 582 64590
1410 582 64590
1411 582 64590
1412 582 64590
1413 582 64590
1414 582 64590
1415 582 64590
1416 582 64590
1417 582 64590
1418 582 64590
1419 582 64590
1420 582 64590
1421 582 64590
1422 582 64590
1423 582 64590
1424 582 64590
1425 582 64590
1426 582 64590
1427 582 64590
1428 582 64590
1429 582 64590
1430 582 64590
1431 582 64590
1432 582 64590
1433 582 64590
1434 582 64590
1435 582 64590
1436 582 64590
1437 582 64590
1438 582 64590
1439 582 64590
1440 582 64590
1441 582 64590
1442 582 64590
1443 582 64590
1444 582 64590
1445 582 64590
1446 582 64590
1447 582 64590
1448 582 64590
1449 582 64590
1450 582 64590
1451 582 64590
1452 582 64590
1453 582 64590
1454 582 64590
1455 582 64590
1456 582 64590
1457 582 64590
1458 582 64590
1459 582 64590
1460 582 64590
1461 582 64590
1462 582 64590
1463 565 63796
1464 565 63796
1465 565 63796
1466 565 63796
1467 565 63796
1468 565 63796
1469 565 63796
1470 565 63796
1471 565 63796
1472 565 63796
1473 565 63796
1474 565 63796
1475 565 63796
1476 565 63796
1477 565 63796
1478 565 63796
1479 542 62048
1480 542 62048
1481 542 59422
1482 542 59422
1483 551 60826
1484 564 62193
1485 579 63496
1486 564 62561
1487 564 62561
1488 556 61048
1489 556 61048
1490 546 59840
1491 526 59137
1492 526 59137
1493 526 56890
1494 526 56890
1495 526 56890
1496 526 56890
1497 496 57087
1498 496 57640
1499 498 54034
1500 518 56511
1501 550 57695
1502 568 60897
1503 570 61422
1504 554 61441
1505 555 61526
1506 544 59130
1507 545 59104
1508 531 57927
1509 531 57927
1510 531 57927
1511 531 57927
1512 531 57927
1513 531 57927
1514 531 57927
1515 531 57927
1516 531 57927
1517 531 57927
1518 531 57927
1519 531 57927
1520 531 57927
1521 531 57927
1522 531 57927
1523 531 57927
1524 531 57927
1525 531 57927
1526 531 57927
1527 531 57927
1528 531 57927
1529 531 57927
1530 531 57927
1531 531 56506
1532 518 55323
1533 504 55040
1534 504 53973
1535 504 53973
1536 504 53973
1537 504 53973
1538 504 53973
1539 504 53973
1540 504 53973
1541 504 53973
1542 504 53973
1543 504 53973
1544 504 53973
1545 504 53973
1546 504 53973
1547 504 53973
1548 504 53973
1549 504 53973
1550 504 53973
1551 504 53973
1552 504 53973
1553 504 53973
1554 504 53973
1555 504 53973
1556 504 53973
1557 504 53973
1558 504 53973
1559 504 53973
1560 504 53973
1561 504 53973
1562 504 53973
1563 504 53973
1564 504 53973
1565 504 53973
1566 504 53973
1567 504 53973
1568 504 53973
1569 504 53973
1570 504 53973
1571 504 53973
1572 504 53973
1573 504 53973
1574 504 53973
1575 504 53973
1576 504 53973
1577 504 53973
1578 504 53973
1579 504 53973
1580 504 53973
1581 504 53973
1582 504 53973
1583 504 53973
1584 504 53973
1585 504 53973
1586 504 53973
1587 504 53973
1588 504 53973
1589 504 53973
1590 504 53973
1591 504 53973
1592 504 53973
1593 504 53973
1594 504 53973
1595 504 53973
1596 504 53973
1597 504 53973
1598 504 53973
1599 504 53973
1600 504 53973
1601 504 53973
1602 504 53973
1603 504 53973
1604 504 53973
1605 504 53973
1606 504 53973
1607 504 53973
1608 504 53973
1609 504 53973
1610 504 53973
1611 504 53973
1612 504 53973
1613 504 53973
1614 504 53973
1615 504 53973
1616 504 53973
1617 504 53973
1618 504 53973
1619 504 53973
1620 504 53973
1621 504 53973
1622 504 53973
1623 504 53973
1624 504 53973
1625 504 53850
1626 504 53850
1627 504 53850
1628 504 53850
1629 504 53850
1630 504 53850
1631 504 53850
1632 504 53850
1633 504 53850
1634 504 53850
1635 504 53850
1636 504 53850
1637 504 53850
1638 504 53850
1639 504 53850
1640 504 53850
1641 504 53850
1642 504 53850
1643 504 53850
1644 504 53850
1645 504 53850
1646 504 53850
1647 504 53850
1648 504 53850
1649 504 53850
1650 504 53850
1651 504 53850
1652 504 53850
1653 504 53850
1654 504 53850
1655 504 53850
1656 504 53850
1657 504 53850
1658 504 53850
1659 504 53850
1660 504 53850
1661 504 53850
1662 504 53850
1663 504 53850
1664 504 53850
1665 504 53850
1666 504 53850
1667 504 53850
1668 504 53850
1669 504 53850
1670 504 53850
1671 504 53850
1672 504 53850
1673 504 53850
1674 504 53850
1675 504 53850
1676 504 53850
1677 504 53850
1678 504 53850
1679 504 53850
1680 504 53850
1681 504 53850
1682 504 53850
1683 504 53850
1684 504 53850
1685 504 53850
1686 504 53850
1687 504 53850
1688 504 53850
1689 504 53850
1690 504 53850
1691 504 53850
1692 504 53850
1693 504 53850
1694 504 53850
1695 504 53850
1696 504 53850
1697 504 53850
1698 504 53850
1699 504 53850
1700 504 53850
1701 504 53850
1702 504 53850
