0.303546
0.108561
0.109452
0.104182
0.09869
0.096064
0.074263
0.144776
0.093795
0.188564
0.148283
0.125175
0.183107
0.083894
0.198378
0.156652
0.145887
0.171461
0.152472
0.166877
0.167496
0.223158
0.175661
0.164949
0.178248
0.166088
0.17285
0.172405
0.182351
0.162388
0.174482
0.183676
0.185328
0.158043
0.14914
0.156439
0.181955
0.187826
0.177611
0.160011
0.185556
0.143725
0.16195
0.175961
0.1719
0.224908
0.181204
0.198196
0.227178
0.184945
0.183252
0.182113
0.202329
0.233041
0.225472
0.252866
0.199412
0.220686
0.235214
0.234011
0.234286
0.200408
0.23821
0.239808
0.234949
0.230357
0.20568
0.207099
0.207694
0.255358
0.211747
0.182417
0.193314
0.216587
0.231726
0.18413
0.204875
0.204953
0.196308
0.176279
0.194842
0.202995
0.162194
0.159515
0.17899
0.141198
0.091707
0.255407
0.167874
0.10859
0.207683
0.211437
0.087659
0.181329
0.165648
0.220584
0.207598
0.205986
0.21643
0.159522
0.184192
0.204624
0.217164
0.210756
0.10443
0.201538
0.186394
0.150728
0.163995
0.22547
0.178924
0.246594
0.189162
0.244216
0.205877
0.114158
0.188114
0.157559
0.11159
0.231312
0.161242
0.106183
0.206664
0.161185
0.109586
0.2477
0.162537
0.119481
0.246806
0.168044
0.146009
0.248024
0.149511
0.091137
0.185428
0.129081
0.242212
0.216311
0.250078
0.190012
0.244106
0.156909
0.094309
0.248868
0.121538
0.126777
0.220025
0.127765
0.224874
0.120213
0.103559
0.173922
0.131476
0.214904
0.113637
0.205562
0.121697
0.229047
0.10923
0.18119
0.143456
0.179956
0.102883
0.188462
0.106561
0.185611
0.126528
0.191539
0.146369
0.19945
0.091749
0.174605
0.111327
0.202173
0.117983
0.175066
0.113406
0.216626
0.12914
0.203447
0.131995
0.212962
0.178109
0.216216
0.131385
0.207572
0.111148
0.173219
0.086225
0.169449
0.08044
0.116463
0.088671
0.181335
0.081666
0.173718
0.082634
0.156464
0.079483
0.184429
0.190538
0.193558
0.195919
0.138164
0.169916
0.162325
0.160538
0.164798
0.117858
0.075366
0.136634
0.091189
0.138491
0.156849
0.157479
0.190068
0.152387
0.151639
0.144213
0.145603
0.146535
0.18406
0.173178
0.148956
0.145975
0.139677
0.181759
0.082551
0.135291
0.156623
0.155514
0.159456
0.176326
0.139379
0.091742
0.15572
0.125276
0.136514
0.137553
0.133654
0.138439
0.172924
0.131564
0.192328
0.100262
0.179011
0.076729
0.074992
0.174172
0.089561
0.10653
0.076131
0.072695
0.093846
0.119253
0.069855
0.106609
0.080286
0.134606
0.145982
0.065651
0.088156
0.066368
0.075117
0.068746
0.088134
0.070569
0.13048
0.072576
0.100259
0.08976
0.102987
0.078936
0.089247
0.109114
0.085831
0.138534
0.101705
0.067279
0.122048
0.088024
0.075029
0.069924
0.177658
0.095295
0.073674
0.095839
0.117716
0.11294
0.140547
0.069775
0.109697
0.075086
0.090898
0.075468
0.11529
0.068202
0.074733
0.108309
0.069736
0.102334
0.070516
0.120092
0.071425
0.150737
0.090359
0.081345
0.115956
0.125671
0.12892
0.134384
0.081868
0.243816
0.117867
0.189346
0.133012
0.181035
0.13538
0.160236
0.200776
0.212976
0.139506
0.079475
0.163224
0.113298
0.143171
0.146043
0.140042
0.192099
0.10606
0.183236
0.085917
0.208953
0.101303
0.135818
0.080873
0.14116
0.137393
0.098831
0.170657
0.115477
0.163683
0.104262
0.175018
0.185195
0.143804
0.142669
0.137807
0.150775
0.145869
0.145588
0.145812
0.15099
0.212101
0.17481
0.193523
0.160481
0.162608
0.15298
0.161533
0.153991
0.164205
0.182328
0.156708
0.188258
0.186781
0.158217
0.174737
0.163493
0.167263
0.155338
0.147791
0.151547
0.157953
0.148751
0.154649
0.1938
0.152604
0.155636
0.190057
0.160305
0.163225
0.162843
0.158482
0.167736
0.212568
0.193836
0.165391
0.231191
0.304696
0.275855
0.225504
0.21185
0.230991
0.314205
0.273098
0.242372
0.214789
0.225164
0.228249
0.260066
0.271174
0.256226
0.191736
0.193127
0.215787
0.193177
0.183055
0.163714
0.162788
0.167235
0.16128
0.164704
0.162224
0.144806
0.098352
0.153212
0.097121
0.151363
0.121367
0.148739
0.0869
0.148717
0.107232
0.08816
0.20225
0.208969
0.108698
0.189482
0.082645
0.148168
0.108033
0.151294
0.097658
0.153755
0.103782
0.153139
0.103634
0.090138
0.190987
0.109016
0.140919
0.185832
0.186073
0.125803
0.169312
0.12169
0.125373
0.193209
0.094643
0.093713
0.15789
0.079173
0.074916
0.127666
0.071472
0.073044
0.119293
0.070154
0.082257
0.128839
0.073561
0.121974
0.075679
0.12281
0.074754
0.077616
0.175331
0.079817
0.075462
0.121044
0.075186
0.088691
0.180113
0.097919
0.16972
0.101373
0.168211
0.110891
0.19393
0.121219
0.147653
0.117369
0.151985
0.114256
0.144195
0.09787
0.181046
0.114723
0.167497
0.102047
0.17127
0.134665
0.192599
0.105016
0.099008
0.182955
0.184866
0.092166
0.307305
0.237389
0.175818
0.210905
0.169876
0.099457
0.175711
0.178551
0.098475
0.11234
0.17558
0.089106
0.083552
0.159263
0.071826
0.071908
0.154434
0.082658
0.07671
0.075201
0.095697
0.095239
0.076645
0.103471
0.078851
0.095294
0.128576
0.099404
0.10436
0.150411
0.110142
0.11693
0.110549
0.074381
0.113022
0.082868
0.075837
0.127849
0.073758
0.078999
0.148894
0.087308
0.093311
0.09502
0.079264
0.132034
0.128407
0.142078
0.096297
0.182622
0.080191
0.163989
0.168472
0.084287
0.180103
0.112693
0.143841
0.093678
0.146126
0.138973
0.174284
0.091744
0.113347
0.171975
0.092457
0.092079
0.283519
0.138132
0.111957
0.141928
0.07957
0.083349
0.207823
0.079564
0.079587
0.240242
0.103368
0.083696
0.211468
0.082185
0.085232
0.182965
0.100181
0.109783
0.141581
0.104139
0.135207
0.121709
0.12977
0.08136
0.13525
0.083875
0.145912
0.092937
0.145852
0.082713
0.144203
0.1125
0.151944
0.140145
0.148416
0.088902
0.149828
0.148591
0.148035
0.113007
0.151964
0.132423
0.098288
0.151923
0.081921
0.085019
0.151865
0.100707
0.090065
0.195225
0.083707
0.087373
0.275372
0.082985
0.084911
0.200264
0.096775
0.095937
0.175858
0.251417
0.22168
0.091662
0.201873
0.086135
0.082691
0.183119
0.179765
0.09355
0.204641
0.094497
0.147624
0.08354
0.143569
0.085084
0.148472
0.094173
0.147518
0.087404
0.150539
0.092188
0.150938
0.088839
0.148869
0.141064
0.194528
0.138433
0.154999
0.119118
0.0923
0.155368
0.138417
0.117114
0.186721
0.127273
0.178392
0.105316
0.108249
0.170777
0.081684
0.208774
0.082671
0.086886
0.196369
0.124133
0.088864
0.160226
0.092481
0.085901
0.153894
0.091634
0.086641
0.262457
0.119592
0.084497
0.114367
0.222619
0.087638
0.116073
0.285104
0.137984
0.201279
0.189936
0.100067
0.091086
0.175121
0.120137
0.187009
0.100635
0.270741
0.119553
0.117437
0.211105
0.105373
0.193367
0.125389
0.135901
0.084385
0.086024
0.184772
0.079418
0.091642
0.137088
0.083657
0.230913
0.11623
0.184364
0.104446
0.146454
0.10988
0.164304
0.123912
0.128769
0.290512
0.160615
0.187893
0.209996
0.087177
0.183759
0.083632
0.133763
0.109603
0.114394
0.23234
0.101812
0.105454
0.218868
0.115154
0.110665
0.166877
0.125004
0.103213
0.165812
0.103715
0.106871
0.261847
0.125281
0.090067
0.151922
0.118142
0.098265
0.097148
0.121237
0.110895
0.121186
0.116946
0.176904
0.215673
0.115815
0.096904
0.083128
0.133692
0.082613
0.136655
0.160989
0.164025
0.102234
0.163866
0.076661
0.086556
0.127074
0.085106
0.254904
0.103184
0.085083
0.149856
0.11777
0.123284
0.08791
0.16853
0.182832
0.104163
0.121166
0.106082
0.151069
0.08885
0.153856
0.188274
0.18082
0.10198
0.099815
0.20561
0.101087
0.193513
0.177321
0.191595
0.249793
0.124797
0.106743
0.120089
0.096853
0.148272
0.097872
0.085386
0.188022
0.082048
0.142525
0.084966
0.208185
0.137574
0.096346
0.155584
0.083754
0.114892
0.150792
0.083713
0.099625
0.145294
0.086453
0.143382
0.092836
0.263211
0.164549
0.093745
0.171096
0.077339
0.09138
0.165858
0.080155
0.167587
0.089713
0.155708
0.085822
0.238768
0.11716
0.16508
0.116007
0.108501
0.161225
0.08036
0.081722
0.148954
0.108914
0.084753
0.148239
0.086175
0.194644
0.121318
0.193187
0.087654
0.180179
0.098279
0.32921
0.15088
0.159138
0.084002
0.107645
0.154935
0.080479
0.094956
0.155252
0.08768
0.085076
0.182995
0.132611
0.107032
0.154395
0.084468
0.085224
0.178268
0.10897
0.110029
0.096293
0.19493
0.084408
0.086182
0.149136
0.082942
0.085319
0.13179
0.102107
0.097636
0.148377
0.091458
0.163691
0.202453
0.092821
0.16395
0.096528
0.200818
0.118427
0.097806
0.155386
0.083932
0.146299
0.083797
0.144011
0.085619
0.204507
0.115779
0.100108
0.29272
0.172749
0.200704
0.130421
0.15948
0.15577
0.156809
0.086954
0.089555
0.183745
0.146792
0.103307
0.082877
0.120227
0.192793
0.12383
0.083453
0.084746
0.100036
0.168118
0.111024
0.086775
0.103588
0.09117
0.148001
0.077088
0.098953
0.077063
0.122849
0.08886
0.076352
0.104291
0.088962
0.098655
0.119706
0.082986
0.079779
0.08124
0.101523
0.112795
0.124703
0.084597
0.084939
0.128094
0.078392
0.122184
0.095354
0.085062
0.080261
0.141669
0.078017
0.079851
0.145162
0.078325
0.084226
0.10355
0.143144
0.086121
0.08588
0.081772
0.19385
0.095584
0.097004
0.160924
0.090817
0.079771
0.13586
0.076536
0.087426
0.136414
0.076885
0.117205
0.094528
0.140119
0.088192
0.103369
0.092452
0.1627
0.102686
0.106637
0.094616
0.154365
0.079912
0.081447
0.101261
0.165603
0.133508
0.168854
0.103496
0.133157
0.089671
0.081648
0.083601
0.185947
0.086197
0.091228
0.110596
0.112074
0.099337
0.09048
0.125491
0.099107
0.09732
0.184293
0.08214
0.08351
0.152022
0.117956
0.089798
0.200466
0.111097
0.173272
0.117148
0.166828
0.087056
0.164263
0.115162
0.109602
0.187046
0.152326
0.109998
0.108719
0.237804
0.29093
0.1751
0.111965
0.107948
0.156863
0.170267
0.203635
0.122596
0.090291
0.088391
0.089079
0.160599
0.189021
0.090494
0.08657
0.088145
0.163354
0.146709
0.103866
0.104447
0.086008
0.119343
0.18582
0.1919
0.087516
0.110793
0.188227
0.121176
0.118272
0.149017
0.090061
0.092706
0.118138
0.076402
0.078265
0.12397
0.099526
0.09105
0.129047
0.08934
0.079318
0.126123
0.099487
0.099071
0.12237
0.074621
0.075906
0.07577
0.119262
0.168002
0.092372
0.09755
0.077246
0.113004
0.161412
0.094457
0.092312
0.088201
0.158481
0.086236
0.107341
0.106368
0.159428
0.079539
0.103786
0.141397
0.084996
0.078596
0.118751
0.159175
0.091424
0.090455
0.099734
0.087969
0.104252
0.075986
0.07775
0.078375
0.129049
0.125078
0.097202
0.166024
0.078562
0.074163
0.079563
0.120322
0.103286
0.074624
0.076157
0.139763
0.094563
0.102845
0.122028
0.152068
0.081226
0.075865
0.076851
0.15454
0.074894
0.073991
0.130069
0.111622
0.127009
0.077008
0.144852
0.120191
0.097624
0.223178
0.082574
0.080764
0.09007
0.201398
0.098865
0.132437
0.140752
0.093309
0.079046
0.134679
0.083405
0.076973
0.132045
0.09555
0.314043
0.178377
0.176505
0.118946
0.132139
0.075653
0.133888
0.099672
0.134047
0.100932
0.140519
0.136763
0.142157
0.145172
0.084548
0.143076
0.121392
0.081509
0.142441
0.15106
0.077439
0.080874
0.167645
0.141818
0.108596
0.109599
0.175501
0.183753
0.103326
0.100056
0.147275
0.142621
0.0781
0.086208
0.142682
0.121084
0.126285
0.118018
0.163018
0.169579
0.099224
0.169389
0.162436
0.094139
0.193517
0.150629
0.098059
0.162171
0.154076
0.102024
0.177715
0.105696
0.182644
0.101195
0.118102
0.172092
0.083171
0.099551
0.258763
0.100392
0.176934
0.102302
0.080368
0.150722
0.09317
0.122754
0.176995
0.110841
0.164021
0.089413
0.143291
0.084551
0.14561
0.105266
0.14891
0.127016
0.153287
0.092985
0.088951
0.150364
0.08471
0.102507
0.170806
0.176846
0.091231
0.082224
0.149672
0.094248
0.094974
0.150407
0.160892
0.084171
0.082217
0.149588
0.125636
0.08815
0.187965
0.135672
0.096758
0.176274
0.152586
0.08396
0.16838
0.166192
0.173137
0.242735
0.121922
0.082244
0.101803
0.151571
0.18304
0.120634
0.205183
0.204454
0.188161
0.174768
0.173721
0.172919
0.176464
0.208531
0.175058
0.175594
0.167985
0.173547
0.106757
0.203232
0.164962
0.122114
0.11887
0.181426
0.132338
0.12381
0.18413
0.198213
0.123442
0.118211
0.125912
0.177989
0.179438
0.157772
0.193712
0.166661
0.159016
0.164961
0.146838
0.081172
0.195556
0.157038
0.084317
0.200846
0.17587
0.191959
0.189801
0.106459
0.148399
0.166079
0.107737
0.224243
0.161859
0.112998
0.150537
0.146147
0.087353
0.194746
0.17301
0.077278
0.091674
0.177202
0.119366
0.073459
0.108411
0.134781
0.086597
0.094022
0.157769
0.074709
0.078825
0.136172
0.075368
0.076603
0.175044
0.074311
0.084837
0.077899
0.165987
0.076038
0.102996
0.084058
0.107175
0.099222
0.078402
0.18212
0.12836
0.105543
0.166926
0.107873
0.109755
0.130105
0.183367
0.11857
0.09885
0.114191
0.185085
0.112685
0.075657
0.138767
0.134269
0.127184
0.201577
0.121756
0.104526
0.118179
0.138794
0.082561
0.07534
0.077324
0.12087
0.075136
0.108381
0.109046
0.159485
0.097349
0.079649
0.177133
0.082018
0.086156
0.144562
0.131929
0.081879
0.138877
0.075296
0.07837
0.135234
0.123751
0.079795
0.13888
0.089481
0.076649
0.140069
0.108872
0.103203
0.116273
0.247591
0.126703
0.12026
0.217735
0.082968
0.085771
0.235235
0.134363
0.095732
0.181517
0.11033
0.090948
0.191038
0.080581
0.086738
0.145545
0.081206
0.111203
0.207358
0.113417
0.106015
0.107737
0.075272
0.078753
0.077009
0.074735
0.099564
0.189361
0.080804
0.075886
0.135512
0.097094
0.079798
0.07853
0.134115
0.083712
0.095951
0.137011
0.073603
0.119062
0.096372
0.147667
0.071659
0.091556
0.100218
0.213673
0.113679
0.113134
0.132166
0.078996
0.096674
0.158146
0.177182
0.08538
0.084964
0.136674
0.085375
0.080203
0.128727
0.093124
0.071228
0.127981
0.226853
0.083922
0.081535
0.09379
0.120584
0.071572
0.126915
0.158859
0.096023
0.075902
0.137422
0.094763
0.103654
0.200142
0.122485
0.097452
0.16047
0.095479
0.087065
0.143267
0.107591
0.096565
0.169173
0.089147
0.082649
0.077271
0.225527
0.074095
0.085026
0.074442
0.087235
0.086327
0.131116
0.080984
0.098858
0.172964
0.096064
0.080104
0.093458
0.167102
0.079945
0.084102
0.173955
0.086586
0.088656
0.150736
0.090197
0.118246
0.160797
0.096776
0.073288
0.079617
0.135069
0.079474
0.101681
0.17287
0.103199
0.092171
0.217705
0.107438
0.118527
0.135548
0.080942
0.1501
0.075482
0.172817
0.113116
0.133695
0.08283
0.076706
0.157247
0.10172
0.175315
0.098376
0.077807
0.181618
0.125539
0.108177
0.108945
0.129836
0.080738
0.127628
0.08023
0.091402
0.145812
0.08189
0.08061
0.175851
0.103922
0.191525
0.121986
0.209095
0.116297
0.159178
0.127917
0.146576
0.083933
0.111356
0.175398
0.097842
0.103581
0.151754
0.089973
0.143182
0.114738
0.080999
0.139848
0.082526
0.105619
0.163738
0.079627
0.079402
0.142844
0.080641
0.091835
0.149572
0.087549
0.08854
0.146999
0.099574
0.089352
0.184896
0.089344
0.155533
0.117035
0.114967
0.116486
0.183692
0.275283
0.14085
0.092194
0.212269
0.108904
0.112847
0.183949
0.087477
0.094067
0.148809
0.100584
0.10735
0.165798
0.082561
0.085871
0.211595
0.118932
0.092238
0.114975
0.114232
0.105843
0.213749
0.08358
0.119657
0.204103
0.136128
0.16958
0.175379
0.093265
0.152121
0.151469
0.193424
0.084761
0.09373
0.150444
0.089256
0.149926
0.167174
0.10108
0.144893
0.128521
0.123998
0.246451
0.129772
0.146296
0.179588
0.086785
0.148381
0.08806
0.141801
0.088414
0.148284
0.087626
0.084342
0.150053
0.168059
0.18354
0.094637
0.089339
0.174285
0.256481
0.187193
0.187909
0.108188
0.135836
0.20369
0.103289
0.165828
0.224051
0.123106
0.078706
0.155007
0.115515
0.079499
0.207716
0.156723
0.126575
0.141043
0.081223
0.136962
0.164532
0.233222
0.191539
0.147974
0.167204
0.079064
0.14349
0.102829
0.092469
0.258875
0.222892
0.092876
0.198929
0.136639
0.165871
0.12059
0.240417
0.149617
0.076224
0.086497
0.084332
0.098699
0.152999
0.089049
0.081406
0.193909
0.119161
0.084799
0.151405
0.080141
0.164569
0.160135
0.202192
0.12967
0.088321
0.147307
0.07836
0.082683
0.235024
0.084177
0.172328
0.098082
0.235444
0.149045
0.188844
0.111717
0.232333
0.079806
0.142114
0.141076
0.151935
0.152295
0.173819
0.175114
0.168745
0.200124
0.162496
0.198333
0.164647
0.1726
0.198498
0.197706
0.237499
0.152272
0.159734
0.13027
0.083974
0.143789
0.210965
0.204662
0.206925
0.165708
0.129623
0.162946
0.205197
0.128816
0.149351
0.113504
0.140784
0.179911
0.175813
0.100617
0.138922
0.202478
0.115824
0.185216
0.219408
0.099644
0.106106
0.262217
0.126264
0.116893
0.119058
0.200861
0.09719
0.085575
0.093786
0.147737
0.093906
0.084918
0.137248
0.085853
0.179309
0.111036
0.08152
0.157438
0.08105
0.079245
0.09201
0.168354
0.089593
0.07887
0.080247
0.072976
0.105702
0.143031
0.086154
0.077651
0.077235
0.076703
0.076923
0.074929
0.074759
0.075341
0.074777
0.078697
0.146235
0.090253
0.077759
0.082823
0.095194
0.10179
0.088302
0.077999
0.076441
0.09525
0.172242
0.072324
0.076822
0.073269
0.070628
0.083242
0.115541
0.070243
0.068675
0.073561
0.083173
0.06907
0.070064
0.067007
0.086456
0.180162
0.119202
0.108283
0.110301
0.139467
0.102442
0.141842
0.121378
0.073785
0.101647
0.116362
0.15576
0.122417
0.098524
0.163608
0.168067
0.084819
0.111001
0.099616
0.211268
0.109426
0.127316
0.09511
0.214995
0.132802
0.119271
0.102987
0.190166
0.083035
0.085977
0.089862
0.095698
0.117595
0.161418
0.105153
0.094511
0.104937
0.169334
0.123185
0.124752
0.104305
0.161138
0.129765
0.102943
0.185609
0.1604
0.132557
0.256432
0.158365
0.077204
0.177021
0.154493
0.079874
0.170015
0.259776
0.134906
0.177836
0.163246
0.161851
0.162124
0.15977
0.169928
0.193212
0.341173
0.316718
0.160122
0.196702
0.079488
0.081918
0.224805
0.084597
0.086514
0.187659
0.190797
0.163368
0.148165
0.129124
0.08179
0.1505
0.140698
0.093925
0.147562
0.152687
0.151126
0.149455
0.085795
0.183725
0.170866
0.106368
0.275767
0.24007
0.133621
0.194154
0.23763
0.110103
0.191976
0.158464
0.119182
0.293586
0.169528
0.090121
0.194713
0.150813
0.152874
0.217183
0.184346
0.089348
0.151966
0.160867
0.118606
0.15277
0.096044
0.087189
0.147678
0.092479
0.083575
0.151563
0.102949
0.087314
0.146474
0.129759
0.085177
0.13617
0.09223
0.080909
0.176403
0.078934
0.127898
0.077509
0.168219
0.183433
0.262109
0.107986
0.235888
0.100856
0.117301
0.266683
0.089161
0.094379
0.140892
0.082576
0.081606
0.083977
0.16519
0.087105
0.088983
0.144175
0.10611
0.09998
0.176719
0.091078
0.086455
0.191933
0.097399
0.164958
0.099988
0.172871
0.111996
0.178763
0.103727
0.115486
0.183549
0.096108
0.094667
0.14805
0.091181
0.146116
0.093429
0.093647
0.14522
0.085772
0.149563
0.140605
0.17545
0.106381
0.180887
0.111368
0.200592
0.149832
0.181334
0.136728
0.179783
0.130641
0.083305
0.153774
0.096361
0.085335
0.082456
0.112482
0.293868
0.232519
0.096649
0.086291
0.137317
0.173176
0.16278
0.121889
0.105667
0.149106
0.15618
0.082156
0.091967
0.146779
0.095982
0.085209
0.086657
0.080392
0.143442
0.105552
0.090008
0.086725
0.086493
0.124125
0.114283
0.077578
0.074581
0.106625
0.130621
0.120264
0.138087
0.079586
0.077354
0.099038
0.08493
0.08212
0.095283
0.142575
0.080383
0.101408
0.135777
0.10056
0.094535
0.151403
0.095559
0.149497
0.098214
0.159279
0.101149
0.123504
0.071842
0.08208
0.131106
0.075699
0.075377
0.138768
0.098846
0.080542
0.076169
0.132632
0.073775
0.078045
0.1315
0.073756
0.129562
0.071736
0.127725
0.083896
0.074403
0.131091
0.075211
0.128122
0.083097
0.138721
0.101983
0.162007
0.139874
0.124189
0.236198
0.108326
0.09438
0.139296
0.084395
0.133212
0.137941
0.134805
0.13825
0.136925
0.145055
0.146017
0.133143
0.148749
0.120852
0.081055
0.138923
0.138055
0.077177
0.171805
0.141338
0.08272
0.142321
0.113025
0.17437
0.174489
0.177137
0.201273
0.180426
0.181693
0.204292
0.228793
0.152777
0.215997
0.136627
0.207957
0.177049
0.182219
0.169061
0.158457
0.156655
0.123896
0.154832
0.176883
0.153001
0.180957
0.145393
0.147243
0.146763
0.210477
0.164003
0.202145
0.183724
0.144517
0.158645
0.14816
0.207451
0.159383
0.167465
0.176309
0.149293
0.184588
0.277194
0.237498
0.159438
0.153512
0.180994
0.198076
0.193483
0.150978
0.153073
0.166095
0.156282
0.178729
0.154872
0.190324
0.177638
0.197175
0.166624
0.148391
0.12971
0.152373
0.151747
0.08151
0.145179
0.181287
0.161855
0.142077
0.190815
0.137151
0.156142
0.158387
0.153024
0.178384
0.24929
0.216619
0.16153
0.257829
0.149265
0.151314
0.154777
0.139083
0.089634
0.17918
0.241516
0.091691
0.174096
0.088827
0.197974
0.160093
0.177234
0.166811
0.156468
0.165579
0.198674
0.085693
0.18999
0.091113
0.089587
0.099089
0.179902
0.119708
0.130988
0.229019
0.197816
0.120496
0.190191
0.153517
0.123164
0.311765
0.175064
0.154816
0.159812
0.144702
0.095374
0.178943
0.196897
0.171377
0.100085
0.199566
0.148677
0.156637
0.152069
0.094567
0.24502
0.294743
0.203132
0.28887
0.165601
0.123855
0.186988
0.253791
0.079127
0.159123
0.169412
0.189068
0.090793
0.171448
0.167056
0.225966
0.134257
0.134151
0.225253
0.079325
0.094484
0.242652
0.106939
0.123511
0.249635
0.185466
0.246049
0.140426
0.152731
0.103457
0.146924
0.153091
0.18122
0.088971
0.156436
0.139178
0.15997
0.150145
0.151687
0.12134
0.154263
0.124799
0.115612
0.162343
0.091142
0.178362
0.120762
0.272683
0.143867
0.168985
0.187838
0.188221
0.131516
0.24336
0.095792
0.152646
0.141679
0.242247
0.15989
0.166379
0.227303
0.267185
0.132157
0.18357
0.148059
0.152898
0.150266
0.147344
0.191581
0.105388
0.267007
0.234888
0.120108
0.180605
0.151305
0.202372
0.19529
0.090739
0.237287
0.128366
0.085207
0.150962
0.183618
0.108595
0.14901
0.15031
0.196691
0.125435
0.125972
0.159796
0.099001
0.158308
0.160082
0.114243
0.105221
0.103042
0.119561
0.101652
0.183217
0.082721
0.194511
0.077952
0.138775
0.07863
0.142237
0.083935
0.143733
0.097303
0.153312
0.100683
0.090582
0.143476
0.104759
0.13621
0.081342
0.154316
0.106897
0.150358
0.11975
0.158795
0.158755
0.11353
0.182237
0.15012
0.230196
0.194339
0.135392
0.152808
0.144528
0.175001
0.141255
0.096733
0.145273
0.170319
0.145886
0.149628
0.08572
0.306653
0.179691
0.112079
0.273826
0.205818
0.306407
0.267348
0.239433
0.196141
0.172978
0.240925
0.179531
0.258624
0.332469
0.189504
0.198507
0.15337
0.1796
0.166707
0.285672
0.244683
0.095126
0.220838
0.154125
0.111516
0.220393
0.203661
0.137307
0.218525
0.110243
0.196604
0.117612
0.178662
0.265638
0.181238
0.161576
0.18204
0.08201
0.151387
0.120289
0.143573
0.168573
0.111611
0.17707
0.119379
0.137895
0.125127
0.141855
0.099442
0.224696
0.109826
0.118691
0.195979
0.172346
0.108589
0.180615
0.148893
0.113705
0.159598
0.087345
0.090838
0.18799
0.11641
0.090318
0.180078
0.117035
0.102014
0.224774
0.138493
0.107168
0.176898
0.078503
0.079083
0.138698
0.09968
0.087225
0.126164
0.075943
0.070186
0.121904
0.072405
0.070605
0.119986
0.091267
0.116307
0.164393
0.084222
0.07143
0.200779
0.069879
0.074141
0.177365
0.082774
0.081512
0.099918
0.134893
0.138402
0.074228
0.130672
0.128002
0.131365
0.222382
0.10378
0.199379
0.078654
0.178391
0.15186
0.091342
0.143892
0.198146
0.109845
0.163158
0.073027
0.231293
0.139654
0.163998
0.197672
0.179489
0.079767
0.10227
0.170519
0.156517
0.177332
0.180235
0.175861
0.163052
0.15928
0.184928
0.160232
0.147146
0.143552
0.152647
0.180514
0.196604
0.149358
0.178016
0.182655
0.173268
0.194667
0.19324
0.165084
0.211874
0.148043
0.149537
0.151913
0.184355
0.189293
0.207791
0.186501
0.219134
0.213803
0.278825
0.261128
0.220126
0.166764
0.280521
0.202705
0.170842
0.342076
0.239144
0.170392
0.256446
0.148713
0.123325
0.157514
0.224486
0.324722
0.278287
0.148665
0.262384
0.125167
0.291024
0.199963
0.109548
0.216502
0.111532
0.113932
0.200194
0.109248
0.128289
0.179908
0.128313
0.103459
0.167804
0.092822
0.081213
0.192799
0.18212
0.082511
0.227515
0.088702
0.120671
0.191706
0.15432
0.10172
0.100411
0.153858
0.078088
0.099769
0.074562
0.225444
0.101041
0.086294
0.117579
0.14225
0.137937
0.077267
0.099517
0.080687
0.184727
0.127293
0.072727
0.106659
0.14505
0.157142
0.089515
0.07754
0.189864
0.102555
0.114973
0.161131
0.093272
0.109089
0.120982
0.098834
0.091866
0.143377
0.139972
0.075961
0.205975
0.184684
0.138879
0.138327
0.095733
0.083519
0.149718
0.19023
0.162285
0.077016
0.139578
0.073704
0.093647
0.237898
0.11274
0.128436
0.174729
0.077665
0.076118
0.136692
0.12421
0.128651
0.159876
0.108794
0.074285
0.079417
0.144826
0.07295
0.270768
0.250713
0.110608
0.185417
0.19621
0.136149
0.138522
0.182601
0.135685
0.133551
0.115346
0.212508
0.131344
0.087381
0.157046
0.211604
0.216803
0.328737
0.178372
0.090517
0.1867
0.151062
0.213781
0.290494
0.134946
0.076911
0.141011
0.226375
0.079376
0.21389
0.269043
0.139946
0.084213
0.138707
0.07796
0.128613
0.195352
0.271988
0.134286
0.08275
0.190688
0.081283
0.12016
0.087046
0.138619
0.196688
0.166543
0.13282
0.081242
0.162915
0.08753
0.163785
0.244863
0.115382
0.083556
0.217985
0.091138
0.097542
0.198049
0.153217
0.18954
0.086157
0.083398
0.080661
0.084945
0.250187
0.156711
0.128585
0.139761
0.118808
0.084675
0.117075
0.17747
0.170948
0.201255
0.089512
0.137599
0.082435
0.149913
0.122874
0.193677
0.244956
0.254729
0.136978
0.094595
0.161037
0.205621
0.080842
0.213431
0.236555
0.167653
0.175809
0.212859
0.113084
0.139321
0.119003
0.133657
0.175441
0.19885
0.099828
0.144216
0.108944
0.192266
0.202463
0.133323
0.081892
0.187615
0.156334
0.121949
0.144147
0.079136
0.089208
0.275478
0.350573
0.240167
0.199042
0.172027
0.236608
0.168525
0.191471
0.131154
0.148407
0.156925
0.124316
0.138316
0.251661
0.095598
0.081841
0.154353
0.296148
0.190726
0.149248
0.121737
0.12126
0.129988
0.214247
0.173132
0.119557
0.23565
0.24105
0.249769
0.167634
0.132403
0.209396
0.221104
0.137409
0.255215
0.167519
0.139458
0.103507
0.165301
0.151883
0.242811
0.185364
0.131527
0.136989
0.13744
0.117925
0.132454
0.087592
0.122617
0.222654
0.15559
0.152372
0.101815
0.181643
0.161383
0.074886
0.122153
0.235223
0.177042
0.18177
0.071327
0.087996
0.138256
0.15463
0.212687
0.276475
0.159292
0.1073
0.125139
0.186546
0.12561
0.134874
0.130381
0.167623
0.262677
0.264313
0.093863
0.142538
0.184171
0.132705
0.112544
0.095062
0.163371
0.163967
0.194135
0.201862
0.192036
0.182086
0.160635
0.171582
0.119164
0.081443
0.15037
0.112651
0.104353
0.240631
0.130555
0.088797
0.1414
0.18332
0.174097
0.182332
0.105235
0.112572
0.165042
0.176469
0.169588
0.15729
0.211879
0.197658
0.098719
0.120111
0.145113
0.176317
0.082703
0.088285
0.213911
0.145489
0.076086
0.165693
0.076481
0.087473
0.332624
0.160708
0.248709
0.147285
0.177902
0.171602
0.089533
0.158171
0.140246
0.159556
0.204773
0.101821
0.0849
0.127084
0.137896
0.261549
0.160185
0.085606
0.180371
0.14312
0.110906
0.188564
0.137051
0.127814
0.156369
0.090056
0.089721
0.083156
0.119595
0.228535
0.078691
0.138349
0.12147
0.288474
0.166831
0.214784
0.079709
0.179325
0.166664
0.126546
0.242341
0.112235
0.143714
0.14215
0.120279
0.145767
0.228064
0.179473
0.123767
0.145789
0.159238
0.116144
0.182819
0.224428
0.220869
0.176887
0.211845
0.205615
0.180352
0.107231
0.107599
0.234689
0.133279
0.163628
0.2645
0.283679
0.232395
0.186478
0.103267
0.254358
0.239428
0.250606
0.251304
0.279749
0.240423
0.268374
0.20413
0.200975
0.092378
0.089544
0.224446
0.119076
0.089827
0.280467
0.15164
0.092396
0.202684
0.13472
0.085703
0.086148
0.219752
0.084034
0.09351
0.182312
0.085852
0.141016
0.111749
0.164727
0.114656
0.196141
0.112394
0.144975
0.086944
0.22412
0.080115
0.153532
0.142532
0.136976
0.191679
0.148359
0.143216
0.166397
0.203047
0.204764
0.183094
0.161409
0.154614
0.157475
0.098137
0.160327
0.164339
0.117799
0.191254
0.180939
0.144882
0.166979
0.228124
0.088036
0.150823
0.146519
0.086529
0.22354
0.185773
0.120325
0.126532
0.192355
0.170847
0.081273
0.143155
0.120213
0.174811
0.089822
0.15744
0.143542
0.086293
0.150087
0.153566
0.16941
0.226496
0.123236
0.139402
0.208326
0.093622
0.095863
0.088959
0.160863
0.116207
0.112813
0.118056
0.204048
0.106195
0.149057
0.099455
0.160269
0.117605
0.188532
0.194831
0.115432
0.15085
0.150238
0.158413
0.161669
0.168769
0.126899
0.171775
0.189879
0.126933
0.226194
0.210737
0.092716
0.162176
0.143338
0.141165
0.245442
0.194569
0.085603
0.225617
0.170579
0.190817
0.160368
0.164882
0.173563
0.237391
0.157665
0.184761
0.244476
0.17102
0.289767
0.167658
0.188953
0.102038
0.085836
0.206986
0.143565
0.174473
0.23156
0.224075
0.153215
0.159027
0.198968
0.217315
0.180459
0.280384
0.19287
0.256194
0.191512
0.151529
0.145308
0.201549
0.170856
0.112671
0.293298
0.310452
0.184561
0.152152
0.223556
0.108325
0.144534
0.123515
0.089157
0.150256
0.19418
0.093703
0.153833
0.309552
0.277119
0.207777
0.090925
0.151191
0.14511
0.084183
0.205501
0.167954
0.12775
0.10381
0.275249
0.098253
0.097419
0.166401
0.153272
0.09364
0.093355
0.142059
0.11015
0.225998
0.284978
0.186609
0.150883
0.107523
0.18585
0.099436
0.177795
0.178767
0.172411
0.121224
0.227883
0.085723
0.150137
0.196129
0.191512
0.126253
0.306191
0.150974
0.155894
0.144492
0.200372
0.167021
0.290445
0.304252
0.154753
0.175101
0.184125
0.2228
0.205867
0.163126
0.171309
0.124525
0.138213
0.124155
0.168228
0.230759
0.23464
0.258287
0.193796
0.216186
0.212421
0.119017
0.209837
0.087866
0.293773
0.162559
0.195146
0.166839
0.162541
0.1727
0.145762
0.245078
0.192543
0.139159
0.147238
0.206808
0.167448
0.136221
0.235808
0.244316
0.111858
0.280511
0.252342
0.242775
0.211217
0.155104
0.106987
0.24415
0.218041
0.150726
0.175053
0.191766
0.2151
0.189068
0.094359
0.179983
0.214139
0.252788
0.173309
0.170795
0.154565
0.291365
0.152488
0.090572
0.230485
0.172398
0.104332
0.193341
0.197985
0.153396
0.228023
0.206091
0.183277
0.331481
0.201909
0.086936
0.093514
0.208622
0.132504
0.15079
0.128728
0.183926
0.204128
0.088801
0.122837
0.110137
0.084806
0.087539
0.11624
0.225704
0.242148
0.113792
0.091815
0.238847
0.089283
0.094961
0.204814
0.109905
0.132453
0.149039
0.086371
0.093737
0.143806
0.096412
0.15627
0.092085
0.145896
0.182223
0.084926
0.106708
0.15156
0.091674
0.13124
0.194384
0.084795
0.15178
0.116495
0.219
0.144161
0.127975
0.185647
0.134384
0.103555
0.185508
0.145443
0.156801
0.084189
0.143608
0.082913
0.096136
0.145719
0.08163
0.12895
0.183955
0.134838
0.197663
0.121445
0.167332
0.104803
0.085149
0.163507
0.099316
0.124717
0.210667
0.191617
0.117148
0.173515
0.138252
0.186447
0.198272
0.111902
0.221315
0.095003
0.087076
0.148674
0.17272
0.198743
0.121433
0.12181
0.194616
0.128173
0.096849
0.093948
0.153502
0.094436
0.100025
0.115918
0.189895
0.093443
0.089393
0.106936
0.157607
0.106123
0.088246
0.087559
0.100228
0.188701
0.151169
0.127332
0.180422
0.094694
0.083203
0.086448
0.147804
0.093351
0.084459
0.092448
0.090303
0.087483
0.247965
0.107158
0.093768
0.132798
0.113809
0.086601
0.115173
0.116074
0.208356
0.084699
0.085737
0.088463
0.083925
0.118496
0.083978
0.085302
0.109955
0.247147
0.115152
0.0899
0.083038
0.109836
0.084277
0.13038
0.248378
0.195863
0.114413
0.121094
0.112826
0.175293
0.170166
0.090092
0.096275
0.273135
0.145452
0.120634
0.126538
0.083647
0.169205
0.111442
0.086171
0.090653
0.087484
0.187773
0.078477
0.079857
0.076651
0.088708
0.141776
0.125811
0.122627
0.091195
0.100479
0.196602
0.111645
0.090033
0.089722
0.100388
0.170464
0.108662
0.155306
0.114931
0.222819
0.178079
0.097673
0.09213
0.209877
0.14857
0.07948
0.091425
0.275242
0.220962
0.113303
0.277612
0.165249
0.079717
0.175774
0.19078
0.136275
0.15365
0.224685
0.179003
0.127713
0.308486
0.312156
0.141327
0.163624
0.152329
0.149781
0.251229
0.327432
0.148841
0.14009
0.080707
0.150762
0.277905
0.138707
0.112101
0.176302
0.213798
0.164852
0.084599
0.280362
0.172972
0.079036
0.080474
0.141265
0.075396
0.102227
0.207348
0.13882
0.121304
0.197223
0.132315
0.126881
0.218353
0.080137
0.136819
0.204237
0.076999
0.098553
0.147051
0.08151
0.126003
0.082639
0.151939
0.098506
0.100316
0.119496
0.35123
0.207472
0.082091
0.090895
0.172968
0.154774
0.146813
0.232296
0.281279
0.127769
0.127194
0.143125
0.183236
0.112168
0.138898
0.128948
0.231682
0.153217
0.150887
0.083829
0.204919
0.081223
0.082578
0.248137
0.109056
0.094045
0.148596
0.084922
0.108177
0.146725
0.142584
0.192301
0.107119
0.135293
0.204557
0.096159
0.118291
0.199591
0.270717
0.224753
0.098124
0.16532
0.120292
0.133643
0.267128
0.211112
0.132508
0.176693
0.143466
0.132761
0.078132
0.231148
0.125219
0.077719
0.15521
0.083084
0.168513
0.15604
0.08865
0.125891
0.081839
0.138229
0.076578
0.11132
0.137597
0.139179
0.099075
0.131843
0.122393
0.102965
0.091112
0.248973
0.186095
0.097324
0.182921
0.075891
0.271052
0.107501
0.175271
0.228119
0.156653
0.078191
0.137273
0.076595
0.09725
0.164033
0.093681
0.166881
0.081356
0.252322
0.198294
0.180913
0.114761
0.197926
0.11787
0.150183
0.208933
0.281927
0.183451
0.111512
0.198197
0.145621
0.141109
0.199599
0.149529
0.310445
0.180167
0.175888
0.101169
0.109119
0.211884
0.178372
0.15328
0.166131
0.104159
0.080865
0.13498
0.209783
0.182235
0.087608
0.135163
0.099552
0.124604
0.231446
0.190545
0.08629
0.087865
0.200123
0.190281
0.138483
0.081136
0.082645
0.109963
0.195934
0.160628
0.144911
0.092245
0.27128
0.13451
0.082752
0.280663
0.21375
0.136898
0.170659
0.186345
0.147846
0.190283
0.15821
0.285962
0.100005
0.159613
0.168455
0.089901
0.151828
0.215926
0.149312
0.19913
0.190477
0.158782
0.192051
0.085652
0.182082
0.154945
0.197636
0.191218
0.157584
0.162621
0.289868
0.297844
0.193588
0.195091
0.207987
0.180995
0.111315
0.197622
0.133788
0.118812
0.320217
0.226178
0.110721
0.196996
0.181021
0.114611
0.091001
0.119855
0.1209
0.188093
0.155691
0.141333
0.191343
0.171724
0.11959
0.122408
0.187538
0.188175
0.146762
0.087142
0.154697
0.146895
0.081891
0.080577
0.146172
0.147653
0.078158
0.089119
0.148143
0.151367
0.122605
0.087681
0.152408
0.145696
0.10396
0.184102
0.171968
0.136403
0.169475
0.170667
0.192519
0.175152
0.198762
0.259489
0.205291
0.240053
0.221841
0.179736
0.171992
0.193211
0.159126
0.162889
0.14953
0.161505
0.08646
0.152319
0.156968
0.160787
0.157605
0.182436
0.210471
0.178664
0.169861
0.163002
0.131262
0.156368
0.107377
0.159484
0.276912
0.126318
0.199825
0.182793
0.186614
0.201148
0.175475
0.173243
0.174891
0.216079
0.170517
0.187295
0.127951
0.226559
0.099052
0.122063
0.201954
0.20601
0.239593
0.152234
0.225864
0.278665
0.142811
0.085865
0.206987
0.157376
0.090443
0.111137
0.217334
0.188193
0.115413
0.120335
0.090024
0.162842
0.114886
0.079043
0.081503
0.150518
0.147072
0.162181
0.158805
0.188285
0.112982
0.189815
0.160843
0.207261
0.230986
0.179868
0.190392
0.159687
0.111721
0.08769
0.171421
0.163826
0.112974
0.220193
0.208807
0.30145
0.271883
0.230007
0.28253
0.258393
0.212016
0.264404
0.256225
0.283479
0.22704
0.256622
0.30025
0.206647
0.294341
0.390418
0.219185
0.233654
0.282428
0.244397
0.293104
0.190852
0.224538
0.267571
0.238697
0.246974
0.270553
0.210984
0.20629
0.206773
0.25172
0.220313
0.263178
0.229391
0.226091
0.258613
0.223222
0.30619
0.306403
0.234251
0.269977
0.173015
0.220415
0.262779
0.295135
0.200327
0.220783
0.343582
0.27368
0.278986
0.219275
0.178971
0.253135
0.284517
0.224611
0.207628
0.186561
0.220721
0.202073
0.155007
0.205088
0.152969
0.210787
0.19294
0.145857
0.176347
0.167252
0.201675
0.18503
0.141508
0.081435
0.140116
0.122079
0.14353
0.147175
0.198454
0.159363
0.141297
0.140978
0.155935
0.165701
0.134066
0.098526
0.084942
0.196686
0.176211
0.078677
0.134643
0.156927
0.190089
0.150815
0.079627
0.138326
0.129054
0.150153
0.138896
0.135661
0.137867
0.110889
0.168659
0.139272
0.15118
0.171149
0.159059
0.111822
0.078914
0.129008
0.141321
0.143115
0.155561
0.165924
0.173896
0.175431
0.189088
0.178774
0.203193
0.187511
0.134388
0.130599
0.141623
0.141577
0.092115
0.170573
0.136346
0.146534
0.157471
0.165294
0.18125
0.15582
0.190378
0.161244
0.138062
0.167359
0.147768
0.242719
0.257121
0.187067
0.208271
0.271822
0.150919
0.144256
0.17948
0.197522
0.149169
0.244963
0.26375
0.26824
0.177614
0.145353
0.226461
0.191384
0.180937
0.211428
0.170005
0.157757
0.22163
0.167837
0.23255
0.259579
0.180452
0.124553
0.186618
0.143918
0.185289
0.245863
0.152249
0.207182
0.149855
0.162207
0.144922
0.240718
0.327001
0.327224
0.182334
0.188901
0.179284
0.315384
0.149849
0.151058
0.191064
0.177755
0.208602
0.233301
0.294208
0.216502
0.250482
0.166642
0.159522
0.166518
0.210288
0.282778
0.18514
0.177536
0.187053
0.166747
0.176881
0.171003
0.212057
0.158682
0.230934
0.148552
0.084871
0.141275
0.081299
0.082677
0.138552
0.091777
0.096531
0.227802
0.17312
0.099856
0.170319
0.0822
0.203213
0.20045
0.173604
0.212305
0.262973
0.250436
0.176322
0.161574
0.080436
0.096277
0.204584
0.137289
0.190193
0.192139
0.216067
0.160025
0.184825
0.212349
0.085897
0.160913
0.218231
0.17422
0.237395
0.174813
0.193942
0.158521
0.268455
0.175371
0.152528
0.249783
0.318911
0.213666
0.175254
0.178595
0.193801
0.143315
0.250534
0.206334
0.220512
0.224505
0.172962
0.130302
0.118623
0.114691
0.209813
0.212252
0.079381
0.145124
0.250873
0.208446
0.173892
0.177953
0.188899
0.185199
0.210166
0.170337
0.2332
0.203786
0.177971
0.132535
0.080898
0.201551
0.179165
0.123123
0.190575
0.223908
0.104242
0.179268
0.105331
0.118017
0.174982
0.076897
0.134741
0.138802
0.147919
0.169712
0.215091
0.095073
0.142214
0.238838
0.122166
0.204612
0.075941
0.107527
0.142603
0.09944
0.162173
0.163795
0.100221
0.150588
0.113907
0.115114
0.163351
0.1035
0.117631
0.176443
0.069943
0.075832
0.129543
0.071251
0.158309
0.099378
0.160596
0.104559
0.107762
0.069889
0.071273
0.131794
0.105121
0.131161
0.126074
0.078173
0.096451
0.130462
0.103085
0.082572
0.163278
0.180615
0.10612
0.190298
0.079569
0.082292
0.077224
0.137722
0.070363
0.130358
0.081227
0.160173
0.120745
0.193766
0.114965
0.119799
0.082235
0.07851
0.138631
0.118783
0.134809
0.115153
0.077526
0.097199
0.140069
0.089089
0.104599
0.159908
0.099168
0.165512
0.12318
0.163737
0.101555
0.092596
0.139263
0.125466
0.095472
0.166872
0.125161
0.133581
0.185875
0.187972
0.111586
0.179591
0.154873
0.099616
0.172406
0.151521
0.103504
0.191304
0.10402
0.09119
0.136098
0.186109
0.155272
0.093858
0.145617
0.140654
0.092767
0.141748
0.144774
0.084317
0.179556
0.135481
0.196241
0.140202
0.103716
0.168115
0.167712
0.088445
0.155851
0.119202
0.12894
0.203617
0.149335
0.135395
0.213169
0.168819
0.101815
0.183659
0.104293
0.095537
0.148499
0.095007
0.086546
0.230063
0.12412
0.128548
0.158454
0.093378
0.094801
0.161763
0.088246
0.090281
0.09416
0.152279
0.085063
0.187183
0.148616
0.11998
0.200167
0.11788
0.125405
0.203597
0.155401
0.137594
0.132908
0.201381
0.13157
0.115322
0.116002
0.196838
0.091698
0.089202
0.094359
0.214114
0.141815
0.12049
0.128307
0.169149
0.146061
0.081969
0.103489
0.217645
0.078539
0.108292
0.121925
0.202929
0.095993
0.088726
0.140376
0.081282
0.082374
0.138203
0.089222
0.117656
0.091009
0.08987
0.083179
0.131237
0.086505
0.089952
0.147581
0.080435
0.080751
0.147831
0.086014
0.088525
0.146799
0.140536
0.105576
0.207898
0.103056
0.080349
0.167854
0.110097
0.113267
0.100068
0.118939
0.080228
0.153596
0.107355
0.171947
0.230752
0.123442
0.08179
0.144425
0.098423
0.08084
0.247361
0.195798
0.104815
0.15921
0.10148
0.189805
0.211956
0.085249
0.112624
0.14837
0.165386
0.149857
0.15289
0.094832
0.087774
0.243935
0.126116
0.084694
0.295767
0.15422
0.192799
0.103499
0.148312
0.085561
0.20755
0.250007
0.287777
0.243037
0.347706
0.1703
0.206641
0.160105
0.086078
0.161553
0.202572
0.090711
0.155178
0.18237
0.127463
0.161446
0.165949
0.195486
0.117329
0.188023
0.241949
0.125996
0.124327
0.171746
0.172963
0.091835
0.145522
0.255252
0.141552
0.151108
0.135585
0.103904
0.190845
0.13658
0.090328
0.087312
0.133788
0.160318
0.121379
0.115888
0.098103
0.139562
0.090343
0.084886
0.134726
0.08832
0.18511
0.108497
0.096063
0.150505
0.083672
0.083526
0.245904
0.114288
0.096921
0.116355
0.105556
0.106737
0.158238
0.09927
0.113927
0.12871
0.087485
0.090603
0.139973
0.131099
0.097479
0.182654
0.103387
0.226776
0.082986
0.184858
0.113481
0.127393
0.131454
0.138788
0.112104
0.137844
0.109541
0.178603
0.122332
0.188691
0.081965
0.082237
0.260615
0.114459
0.08944
0.191672
0.102119
0.155214
0.091831
0.265241
0.131984
0.086677
0.150947
0.10292
0.153064
0.108767
0.162681
0.087623
0.1528
0.092866
0.160156
0.105237
0.236849
0.124007
0.294596
0.13761
0.146336
0.120991
0.160068
0.156923
0.123373
0.182121
0.161201
0.123133
0.178302
0.163359
0.135223
0.193424
0.127177
0.152009
0.188421
0.150346
0.151507
0.227176
0.153869
0.094985
0.184542
0.291409
0.176486
0.190249
0.246223
0.177649
0.162565
0.208681
0.147589
0.146539
0.162236
0.153792
0.175532
0.143249
0.203023
0.228675
0.184752
0.261071
0.154851
0.141161
0.194502
0.155932
0.144659
0.166986
0.187104
0.234122
0.260234
0.147771
0.162732
0.212982
0.174404
0.166964
0.143719
0.115536
0.188576
0.23243
0.126099
0.160955
0.167804
0.119681
0.16503
0.198719
0.219328
0.204476
0.09777
0.170777
0.172801
0.204771
0.238973
0.215391
0.19577
0.177753
0.165069
0.126001
0.173047
0.184373
0.135545
0.197026
0.243898
0.096979
0.30384
0.208908
0.140041
0.214097
0.213826
0.099404
0.231246
0.250211
0.157573
0.187762
0.168133
0.105564
0.203289
0.201511
0.090543
0.216316
0.246565
0.095799
0.173592
0.24669
0.172121
0.152987
0.151862
0.103152
0.219786
0.236557
0.148769
0.203434
0.171161
0.153754
0.245117
0.179419
0.104228
0.25566
0.22098
0.119059
0.168136
0.246921
0.09136
0.167209
0.320299
0.223483
0.157295
0.12804
0.160971
0.165826
0.143012
0.114317
0.218379
0.168184
0.095907
0.153019
0.112467
0.131701
0.1821
0.094737
0.081737
0.139642
0.09536
0.134046
0.175281
0.090364
0.083188
0.147403
0.101664
0.144342
0.175057
0.082971
0.081992
0.172065
0.117239
0.215485
0.120978
0.143503
0.079809
0.101326
0.187125
0.135856
0.143875
0.172777
0.084608
0.08922
0.234931
0.128846
0.145835
0.18566
0.088982
0.09145
0.169985
0.123497
0.155508
0.214586
0.095667
0.085791
0.181001
0.124186
0.198318
0.173905
0.148656
0.096004
0.153906
0.101287
0.181157
0.149889
0.162976
0.14712
0.169067
0.085459
0.149597
0.108033
0.194341
0.216358
0.139993
0.193269
0.152705
0.174282
0.15487
0.152426
0.108609
0.095019
0.171195
0.207369
0.121422
0.150443
0.141567
0.120001
0.188177
0.196854
0.105931
0.188371
0.161732
0.155379
0.192172
0.171068
0.086571
0.148703
0.133857
0.127473
0.232853
0.118905
0.079897
0.142638
0.154231
0.180285
0.146129
0.145236
0.130161
0.100244
0.197059
0.176833
0.0882
0.150771
0.118027
0.105469
0.241049
0.112042
0.08788
0.158786
0.086346
0.104186
0.178312
0.146599
0.140858
0.207952
0.177805
0.161268
0.104007
0.23052
0.086331
0.097842
0.249432
0.130228
0.181878
0.133215
0.128124
0.150058
0.08458
0.146095
0.27509
0.117674
0.078798
0.106947
0.150176
0.152675
0.159063
0.12082
0.11306
0.195672
0.125908
0.142718
0.121854
0.092629
0.130405
0.294458
0.095307
0.077384
0.149174
0.102819
0.135188
0.127456
0.076152
0.098947
0.176417
0.127039
0.101631
0.078039
0.173099
0.103525
0.18175
0.130851
0.098527
0.134131
0.128431
0.232056
0.155109
