9 503879 0.304238
10 505980 0.153808
10 504839 0.160929
11 504018 0.101739
12 505044 0.122797
13 507217 0.106277
14 504617 0.118452
15 503165 0.26193
16 506794 0.096477
17 507398 0.077031
17 505766 0.105677
18 506862 0.062463
20 506854 0.124032
21 507991 0.099855
22 507144 0.124599
23 506938 0.20229
24 508515 0.066805
25 508315 0.08944
26 508483 0.093794
26 508574 0.108156
27 509363 0.075537
28 508049 0.104165
28 509670 0.027962
29 508828 0.135643
30 508090 0.202482
31 508808 0.044845
32 508049 0.104706
32 508414 0.326057
32 509193 0.097316
34 506488 0.110364
35 502362 0.076197
35 504095 0.03102
36 502883 0.057835
37 502303 0.081082
38 503703 0.353146
39 503317 0.197762
40 507126 0.083989
41 505281 0.080389
41 504959 0.102837
42 504347 0.031728
42 504276 0.120776
43 502733 0.060177
44 501593 0.086168
44 500786 0.083793
45 502048 0.091474
46 501210 0.023128
47 502719 0.090265
48 503975 0.085823
49 505658 0.029318
50 504924 0.11759
51 505312 0.104305
52 506924 0.093358
53 504950 0.126861
54 508288 0.063897
56 506159 0.026812
56 505196 0.184574
57 505400 0.100681
58 506970 0.048345
59 505509 0.049766
60 503623 0.118278
61 506372 0.024016
62 506335 0.071605
63 506139 0.099064
63 506869 0.098544
64 503758 0.108111
65 502432 0.0301
66 502103 0.040782
66 504206 0.022213
67 506399 0.121612
68 505187 0.07493
69 503792 0.10359
70 503696 0.087319
71 504125 0.028574
19 504424 0.107134
20 2522054 0.530194
22 2022599 0.456882
25 2026680 0.36511
39 2528280 0.571143
41 1522028 0.248751
42 2028985 0.293192
43 2542807 0.521456
44 3055138 0.497889
45 2032059 0.306675
46 3021371 0.536387
52 2029803 0.532534
54 2029068 0.505321
55 2520874 0.681861
57 2521045 0.59945
58 1503676 0.563272
60 2012555 0.454467
61 1011424 0.151106
62 1010554 0.283713
63 1517629 0.199775
64 2022090 0.372668
65 1516130 0.40964
70 2022257 0.322749
71 1516384 0.469625
73 1520225 0.311399
74 505221 0.117305
75 509112 0.128698
77 1517467 0.324447
93 2529191 0.831568
96 1517467 0.44008
97 2017622 0.467992
98 2023743 0.408811
100 1514343 0.291965
100 2510851 0.317705
101 2011892 0.344054
102 1526230 0.315817
103 1513180 0.321111
118 1014195 0.227769
120 5078684 1.26333
122 2527935 0.584081
123 1007675 0.216804
125 3542447 0.734988
127 3033845 0.853127
129 1515091 0.439638
131 1010501 0.215996
133 4035942 1.15233
135 1515803 0.395183
137 1511947 0.477851
138 2017997 0.664973
140 1512522 0.372443
142 2524336 0.388997
143 2025379 0.397795
154 2025379 0.517269
155 2033664 0.460271
157 2537406 0.879264
159 2036045 0.425691
161 6642359 1.78839
164 2039133 0.525471
165 506742 0.160628
167 2527560 0.615078
169 1521668 0.454668
171 3033816 0.752676
172 504662 0.104009
174 1015996 0.35509
176 3057378 0.823735
178 1519030 0.39472
179 2022169 0.716235
181 2538931 0.574287
182 2037799 0.421761
184 2036359 0.251858
185 1519048 0.300372
196 507255 0.141504
197 2021936 0.686606
199 2524988 0.514393
200 2518133 0.644478
202 1513150 0.340846
203 1519048 0.361984
205 1005415 0.313633
207 3013958 0.704923
208 2014620 0.672946
210 1513623 0.440128
212 2023022 0.518191
214 1517286 0.292385
215 2017737 0.490202
216 2015174 0.269514
217 2527847 0.368683
219 2026442 0.344281
220 4520850 0.602332
221 2017546 0.219155
232 1526659 0.225709
233 2528418 0.383109
234 2521326 0.329201
235 2515469 0.308555
237 3011860 0.514565
238 4520850 0.726062
239 2538727 0.326956
240 507109 0.111877
245 1520868 0.157299
246 2019614 0.511579
247 1512827 0.323448
269 1007618 0.19474
270 1507916 0.303219
271 2015219 0.262404
272 2029537 0.477444
274 2530275 0.609117
275 2025955 0.424011
276 505422 0.075065
277 2530665 0.38248
278 1516184 0.274652
279 1514890 0.380764
318 2527111 0.653937
319 2016374 0.692197
321 1012072 0.250747
322 2522851 0.752458
324 3542199 0.624904
325 1516556 0.346833
326 1517783 0.342452
328 2021399 0.577257
329 1515938 0.357244
330 2020958 0.453971
331 2017183 0.47415
333 2026925 0.636268
334 1519923 0.602359
336 3542447 0.892177
337 3033845 0.874648
339 1515091 0.363228
340 5078684 0.922071
341 2527935 0.485476
342 1007675 0.183599
343 1010501 0.238096
344 4035942 0.715122
345 1515803 0.247624
389 4537688 1.28216
391 3521346 0.788939
393 2012555 0.538411
394 1011424 0.172783
396 504046 0.201344
397 2018223 0.395747
398 1010554 0.187675
399 1517629 0.442747
401 2024302 0.360526
402 504565 0.173362
403 1517416 0.298227
404 3547722 0.854295
406 2036502 0.258845
407 507520 0.102019
408 1513108 0.374498
409 1012512 0.297351
411 2533312 0.647448
413 2530525 0.628584
414 2020558 0.584382
416 503794 0.166638
418 1518714 0.373865
419 2527388 0.567602
421 1516850 0.548968
423 2018581 0.477867
425 2015751 0.541499
427 1512907 0.563502
429 1507599 0.371418
431 2015680 0.56905
433 2033027 0.599671
434 1521553 0.480709
436 506288 0.205635
437 2024379 0.5642
439 2535597 0.898482
441 2034043 1.00964
444 2027845 0.548281
446 1015154 0.256121
447 2017503 0.692451
449 2526767 0.649923
452 507541 0.210934
453 1517440 0.537425
467 2017000 0.383475
469 1012352 0.350013
471 2524222 0.605971
473 1510818 0.46166
474 1515359 0.433738
475 3027999 0.731716
477 1528095 0.256561
478 506921 0.124752
479 506990 0.118732
480 6111027 1.43755
482 2525680 0.628514
549 1513180 0.529566
551 2529191 0.712484
553 505221 0.068595
554 1517467 0.419141
556 2017622 0.80529
558 2023743 0.655078
559 2528314 0.472516
561 5551169 1.35343
563 4023311 0.841006
565 3038543 1.25265
567 2522479 0.584659
569 1514139 0.522374
571 1520225 0.377138
572 509112 0.260245
573 1519423 0.452878
575 2509765 0.548059
576 2508616 0.53101
577 2511562 0.576936
579 2519732 0.531743
580 1010848 0.135613
581 1010196 0.275165
582 2020212 0.492342
583 2531368 0.701068
585 1012072 0.163903
586 1016355 0.368442
587 2027464 0.574413
589 1522829 0.439009
591 1521581 0.46396
592 506051 0.212854
593 2531289 0.850707
595 1518420 0.33538
597 2020785 0.273552
598 2014620 0.544492
59 504444 0.187499
60 2522136 0.566406
61 2021782 0.354715
63 2027374 0.331332
77 2529581 0.655396
79 1521739 0.244129
80 2027854 0.317764
81 2540965 0.349558
82 3051963 0.766259
84 2540900 0.602335
85 3022572 0.667855
87 2034958 0.502918
88 2535776 0.658517
90 2016713 0.399881
92 2520609 0.615185
94 1503963 0.252122
111 2012302 0.415078
156 1011093 0.18276
158 504086 0.094327
159 2025145 0.542889
161 2022217 0.304849
163 1516880 0.458248
164 2023084 0.527244
166 1515965 0.339775
168 505601 0.104307
170 1516215 0.496594
172 2017431 0.322306
173 1515050 0.466677
175 1519276 0.456265
177 508624 2.24231
180 1014242 0.239901
182 3543277 0.842553
184 2527518 0.477751
186 2019693 0.288521
187 1513133 0.34301
188 2020219 0.39859
189 1511673 0.244459
190 5076523 0.963731
192 2530041 0.53013
194 1008118 0.275668
195 1011326 0.269587
197 3531803 0.767067
199 1513734 0.3925
200 1009094 0.363179
202 2528830 0.617695
204 1009446 0.263806
205 2512439 0.534501
207 2014465 0.493708
209 1525662 0.315003
210 2020801 0.571686
212 2531240 0.590582
214 2538845 0.677234
216 2536269 0.851295
218 1524732 1.08983
222 5617537 1.21432
224 2547506 0.370654
225 506551 0.086509
308 1004860 0.22918
309 3014894 0.639124
311 2014152 0.566489
313 1514937 0.471709
315 2034886 0.377158
316 2527850 0.469316
318 2520217 0.670706
320 2515613 0.443653
321 3012140 0.61204
323 4518681 0.915836
325 1513838 0.540216
327 2521965 0.680119
329 2521474 0.443226
331 2023319 0.821503
333 2023466 0.728079
335 1516597 0.466745
336 1518006 0.332955
338 1014557 0.253711
340 1521293 0.341176
341 508394 0.154517
343 2025667 0.498918
344 1519898 0.418514
346 2017321 0.260504
347 2020346 0.457075
348 2519643 0.471509
349 1512323 2.28443
353 1514499 0.367215
354 1007190 0.190609
356 1508641 0.288318
357 1523157 0.327486
358 2522020 0.798231
361 2543228 1.22521
363 2539804 0.612715
365 2037821 0.402898
367 2545142 0.531219
368 1519356 0.302774
370 2022129 0.686965
372 2527210 0.720289
373 1521071 0.213989
374 3033036 0.39445
376 1520922 0.338159
871 1521443 0.57884
872 2531872 0.361335
872 2025816 0.457594
873 504702 0.059552
873 2527886 0.34679
873 1515896 0.079413
874 1514177 0.151535
874 2528195 0.248983
875 2014781 0.187399
875 1516953 0.131605
875 2524705 0.186949
876 504458 0.071609
876 2021838 0.146083
877 2027428 0.189368
877 2529650 0.242766
877 1521781 0.121296
878 2027909 0.222798
878 2522194 0.191303
879 2035637 0.173117
879 2015321 0.157917
879 1011589 0.038729
880 507692 0.033032
880 1517532 0.133962
880 2526281 0.217871
881 2020035 0.181423
881 504472 0.036236
881 1012123 0.076769
882 1009693 0.088493
882 2016690 0.171238
882 1509895 0.075253
883 3010583 0.227764
73 2021755 0.36024
73 2522234 0.659701
80 4051221 0.792293
111 4051221 0.674159
121 3552459 0.906939
123 5589809 1.61289
125 2539807 0.809078
127 5056464 1.14777
129 4551861 1.1878
131 5532186 1.22769
133 1010262 0.238573
134 3033351 1.07414
137 3538297 1.18336
141 3539371 0.998517
177 3040913 0.690879
178 3534033 0.909817
180 3035815 0.926342
182 4522050 1.01756
184 1526200 0.359861
186 3535525 0.7722
189 5047611 1.2215
280 2021755 0.464273
282 2522234 0.738919
336 4047105 1.41129
338 5538589 0.754349
339 5045906 0.809303
341 1014626 0.170929
342 4046756 0.52316
343 4534457 0.698422
345 3558786 0.639929
346 5088137 0.803153
348 4576325 0.635303
349 4040942 0.858434
351 4559003 0.752248
353 1516245 0.255997
354 5076150 0.829589
355 8679426 2.59582
359 4572859 0.659491
361 2523759 0.412391
72 2526816 0.716785
73 2522857 0.494591
79 4556112 0.79771
109 4556112 0.891891
126 4057745 0.932758
128 5594633 1.44934
130 2031565 0.601503
132 5559881 1.52666
135 4550825 1.33926
137 6038244 1.48618
140 504979 0.095232
141 3033422 0.928461
143 3538805 0.737565
144 4042928 0.893418
172 3041339 0.861851
175 3532896 1.08043
177 3029564 0.911182
179 4020575 0.708955
180 1523473 0.381332
181 3537840 0.894899
183 5044367 1.23404
345 1527588 0.245042
347 5554534 0.828533
348 5025128 0.785631
350 6539515 1.03118
352 4034057 0.614804
353 4550595 1.92417
356 5539214 1.18945
359 4540650 0.936546
361 1519735 0.311306
363 4562595 1.008
365 4550677 0.898198
367 3532090 0.662469
369 4030673 1.06871
371 4531646 0.913165
373 3556885 0.674128
375 4559946 1.19543
377 2028259 0.800268
379 5086864 1.0389
380 4551906 0.965667
382 4575649 0.833545
384 3532902 0.622166
386 4045368 0.744182
388 4556386 0.945517
390 2524960 0.554677
392 5076774 1.55239
394 8166703 4.04757
400 4571863 1.15389
402 6070003 1.5408
405 3532119 0.851445
407 3531936 0.606884
408 1515777 0.425687
410 1010685 0.307626
411 5044367 1.37774
414 3537840 1.07849
416 1523473 0.542365
563 3532407 0.822144
565 6062609 1.41965
568 2526816 0.758931
570 4556112 1.17755
572 4057745 0.866445
574 5594633 1.30825
577 7092364 1.56427
580 4058519 1.10048
582 3543228 0.669414
584 3034446 0.568519
585 3032039 0.774849
587 3535745 0.701733
589 3534162 0.752899
591 8116148 1.37485
593 2522857 0.587626
595 10631280 2.39244
599 4039859 1.13943
601 8589987 3.93233
606 11081532 2.50505
610 504979 0.211223
611 3536975 0.712237
613 1008097 0.126853
614 3033422 0.692521
616 3538805 0.819853
618 4042928 1.01038
620 3041339 0.840398
622 3532896 0.875911
624 5564973 1.56246
627 8059636 4.05757
633 507250 0.13423
634 5065300 1.4246
637 5517434 0.801429
638 5060208 1.07911
640 4529561 0.687704
642 3536360 0.610094
644 1519109 0.243154
645 3534824 0.823658
647 504161 0.122017
648 1517265 0.322576
650 3030255 0.819068
652 2521284 1.06942
654 3036456 0.710034
656 3520559 0.770441
658 5548214 1.22623
660 5020865 0.971406
662 2545622 0.993571
664 3025908 0.670512
666 4045304 0.914616
668 9643227 2.08835
671 4032015 1.73243
674 4042372 0.810794
676 503444 0.073569
676 5036654 1.2082
678 3550753 0.778982
680 5571199 1.47882
683 4038823 1.04522
686 3540158 0.997967
688 4042088 0.95574
690 2518449 0.730612
692 4556367 0.935603
694 503307 0.113185
695 3524492 0.564898
697 4573570 0.673003
699 2533708 0.598335
951 8644747 2.65167
955 8594518 2.53722
959 9104974 2.92623
964 3033090 0.512932
965 4048296 0.335709
966 6569890 0.600018
967 9645479 0.788305
968 13778877 1.16214
970 9139139 0.888481
971 3532119 0.595752
972 3531936 0.281346
973 1515777 0.103684
973 1518408 0.167381
974 3027859 0.263949
974 3547240 0.273811
975 4564699 0.426404
975 3552086 0.27263
976 3047978 0.28731
976 3044185 0.227524
977 3042681 0.24941
978 3545726 0.327082
978 3537598 0.212823
979 1523943 0.189036
979 4044898 0.349634
980 4040128 0.405494
981 3034351 0.276178
981 3528475 0.259852
982 3035753 0.461465
982 3041227 0.24094
983 3532843 0.32158
984 3036696 0.232817
984 4045091 0.350555
985 3534181 0.29993
986 506190 0.040489
986 3038868 0.180136
986 1513426 0.120043
987 2533588 0.212457
987 3536359 0.268508
988 5073111 0.502719
988 3547555 0.353616
989 3021133 0.285357
990 2025797 0.16602
990 3533320 0.30258
991 4556691 0.365698
991 503943 0.028914
991 5047673 0.414482
992 4061436 0.345507
75 6574886 1.43575
77 2522034 0.417525
104 6574886 1.53408
106 2522034 1.72508
114 8637548 3.55787
123 2539921 0.593364
125 9602098 2.76534
129 9578446 2.36102
135 7079261 1.62407
173 6069333 3.45198
178 7556297 1.75407
181 5568108 1.17708
281 6071068 1.36321
284 8097302 3.69977
288 8642434 2.35388
292 8601943 1.96174
295 4572182 1.20073
302 10579698 2.00507
305 13749399 3.31057
321 10624727 2.92455
325 11560881 2.68589
329 8580033 2.49418
335 8080920 2.04895
347 8572021 1.52137
350 10630180 2.27748
353 9607048 1.73948
356 6562843 1.35476
358 5568108 1.34067
364 7575567 1.97072
367 6574886 1.96899
370 8637548 4.0577
375 11154436 1.95642
378 6580832 1.4563
380 6571666 1.08001
382 18222161 3.40322
387 2522034 0.580491
388 19210931 7.22937
397 3032530 1.38763
405 2022149 0.282066
406 16135959 3.2256
411 7079261 1.89561
414 6069333 1.36861
416 7556297 3.51327
421 5568108 1.0658
496 3019934 0.838097
498 8630467 2.25371
513 6574886 1.90277
517 8637548 2.52423
521 2522034 0.886224
523 2022149 0.626402
526 10624551 5.52456
533 7586508 2.14326
537 2021620 0.719685
539 9050827 2.42896
543 8075160 2.34028
547 13639243 3.74281
553 7584528 2.04534
568 8572021 2.53729
572 10630180 5.34282
579 7575567 2.03902
582 11154436 2.92745
587 6580832 1.56491
590 6571666 1.73217
592 18222161 6.93271
601 19210931 4.14545
607 3032530 0.64281
608 16135959 5.79707
616 7079261 1.67411
619 6069333 1.77852
622 14130253 3.71887
627 10046228 3.2956
631 9601487 1.79852
634 2039267 0.427311
636 9084189 2.21501
639 13172027 3.1982
644 3528545 1.09405
646 3546735 0.915517
648 4564529 1.12851
661 8097302 2.26584
664 8642434 3.25064
706 8599354 1.73469
708 7074607 1.60228
711 8096198 1.91578
713 10118477 2.77355
717 504144 0.097899
718 8630467 2.43101
774 6574886 1.95232
777 8637548 5.31821
784 11154436 3.33476
789 2522034 0.741617
790 19210931 4.81406
796 2022149 1.05754
799 16135959 5.03454
806 10624551 3.26696
811 7586508 2.18909
814 2021620 0.608541
815 9050827 4.61946
821 8075160 2.8932
826 13172027 4.32985
832 7059308 1.74046
835 8617794 2.73197
839 13639243 5.80128
846 7584528 2.29281
850 3528545 1.07232
852 3546735 1.17586
854 4564529 1.32451
893 6580832 1.71834
896 6571666 2.047
899 23813813 8.53559
910 19724290 5.55853
918 16172086 5.52793
925 24437829 7.06598
935 9656946 2.72566
939 3032530 1.02667
942 15151084 6.15576
950 7079261 2.25042
953 6069333 1.99557
957 23227270 7.07598
967 16679131 6.44327
975 6576745 1.52748
977 7601277 1.76251
981 7110975 2.19306
984 5580018 1.63299
987 8599354 2.17131
990 20100110 6.00581
998 7074607 2.2243
1001 16159261 6.41385
1010 6549149 1.81045
1014 6075207 1.93711
1017 7076436 1.95212
1020 8601774 2.79156
1025 8096198 1.23684
1027 2039267 0.153797
1027 9084189 0.669435
1029 6067187 0.532649
1029 10118477 1.05663
77 7081735 1.04777
79 2521824 0.349493
105 7081735 1.58795
107 2521824 0.614114
115 9143792 2.42849
124 2032335 0.451892
125 9095799 3.38842
130 10085534 2.99766
137 7078440 2.00073
80 7082149 0.855419
81 2522158 0.22042
112 7082149 1.34492
114 2522158 0.360659
124 9654314 1.81271
134 2540997 0.523051
135 10112287 1.36935
137 9584352 1.6537
148 6568786 1.47109
193 6068056 1.06748
195 7054436 1.10492
197 5568077 0.545966
316 5569281 0.712017
317 8606270 1.31574
319 10175269 1.83696
322 8087103 1.16521
324 5594304 0.868685
330 10080829 1.71726
333 12734026 2.30405
351 11141204 1.81021
353 11559619 1.92195
356 8585673 1.3666
362 8086929 1.40543
368 8062530 1.27479
381 11137717 2.51021
384 10114485 1.70987
387 6562039 1.00493
389 5568077 1.80028
396 7069832 0.871795
407 7082149 1.21923
409 9654314 1.67954
411 11145491 1.70168
414 7089363 0.886001
416 6567120 0.960518
417 17712698 3.47405
422 2522158 0.689728
423 18719340 2.50408
426 3538462 0.386879
452 2530121 0.379262
453 15635584 2.76175
457 6568786 0.996769
458 6068056 0.797275
460 7054436 1.05705
462 5568077 0.771752
556 5037178 0.933648
558 7620310 1.18171
570 7082149 1.39056
572 2522158 0.669309
574 8089236 1.47016
577 9051182 2.56552
580 8078667 1.5926
583 14647700 3.18237
593 9654314 2.10383
596 2530121 0.551361
598 11643592 4.51493
604 1519777 0.178302
605 7581494 1.50505
611 11145491 2.89533
615 18719340 3.98375
621 15635584 5.08606
627 2016414 0.465
634 7089363 1.83904
637 6567120 1.44847
639 6568786 1.30445
641 6068056 1.29478
643 2550711 1.08585
645 13679054 2.28784
648 4557400 0.590127
649 4055866 0.430656
653 8062530 1.23465
655 11137717 1.64403
657 7069832 1.24602
659 17712698 4.53449
665 3538462 0.709019
666 14136610 2.29312
670 10049194 1.38698
672 9601369 2.77359
675 8579390 1.04822
677 8606270 1.39708
679 10175269 1.55102
684 8087103 1.41283
699 10114485 2.10009
703 8086929 1.47862
705 12734026 2.0458
708 5594304 0.83568
783 7595171 1.39682
786 6566252 0.911027
787 8088502 0.997313
789 9611165 1.42448
791 503704 0.08977
813 5037178 1.0797
815 7620310 1.52308
834 7082149 1.76441
837 2522158 0.412056
838 8089236 1.41083
840 9051182 2.36892
843 8078667 1.03378
845 14647700 2.61296
857 7595171 1.64631
859 6566252 1.84155
862 8088502 2.14046
865 9611165 2.34226
868 503704 0.137745
869 7581494 1.55897
871 2016414 0.255783
871 4557400 0.720799
873 4055866 0.733224
890 7082149 1.52892
893 2522158 0.673289
894 8089236 1.73553
896 9051182 1.85084
899 8078667 1.64646
902 13679054 3.93601
907 7569859 1.84256
910 8617142 1.96243
926 9654314 3.11072
930 11145491 2.48028
934 7089363 2.54738
937 18719340 2.83683
941 2530121 0.407544
942 15635584 2.58118
946 6568786 1.47261
948 11643592 2.21862
951 1519777 0.443234
963 17175481 4.01814
968 7049078 1.6681
971 6077658 1.889
974 6569940 1.62418
976 7083405 1.88686
979 8088502 2.03921
983 2550711 0.394933
984 8579390 1.66861
986 7080834 1.37476
989 9611165 3.01352
1002 6068056 1.49555
1004 23234997 4.79924
1011 17694918 3.139
1015 5558630 2.29798
1018 8101306 1.77036
1021 7621593 1.47266
1023 6087879 1.24963
1025 7595171 1.46569
1028 20099626 3.64723
1033 6566252 2.0343
1045 6567120 1.26066
1047 24319309 3.95928
1052 18715716 2.56969
1056 15671633 3.01525
1060 23937938 4.01152
1065 10680014 2.10742
1068 5554944 1.32099
1070 12624518 1.75634
1114 11173186 2.15232
1117 8105746 1.90576
1121 13666764 2.98807
1125 17728554 5.27114
1132 18820190 4.4127
1137 16679346 4.00636
1143 10680014 2.93029
1149 8031388 1.97596
1152 7538679 1.66617
1154 8585673 2.01286
1157 10080829 2.39196
1160 15671633 4.27155
1166 23937938 5.24874
1192 5033594 0.737655
1193 9558647 1.94391
1195 8531792 1.20318
1197 11141204 2.2557
1201 11559619 1.882
1203 8062530 1.21058
1205 11137717 2.52566
1209 7069832 0.969983
1210 24319309 4.44426
1216 18715716 4.54188
1221 5554944 1.24113
1223 12624518 2.43536
1227 23234997 5.54012
1234 17694918 4.11776
