92 1517467 0.121369
147 2025379 0.166364
194 1519048 0.18022
229 4520850 0.376972
254 0 0.00892
260 0 0.010664
266 0 0.006465
283 0 0.014465
285 0 0.009838
286 0 0.010295
287 0 0.019237
288 0 0.017637
289 0 0.01249
290 1014195 0.080849
291 3542447 0.307698
292 3033845 0.327116
293 1515091 0.13053
295 5078684 0.448794
299 2527935 0.248232
304 1007675 0.065124
305 1010501 0.16403
310 4035942 0.352755
316 1515803 0.178985
349 2521045 0.201657
354 1503676 0.154593
354 2012555 0.150444
355 1011424 0.099731
359 0 0.013323
360 0 0.017471
361 1010554 0.062076
362 1517629 0.094152
364 0 0.028428
368 0 0.008988
369 0 0.008022
372 0 0.034819
377 0 0.00246
378 0 0.005913
383 0 0.022653
464 0 0.007563
466 0 0.00658
489 1513180 0.254981
498 2529191 0.231882
502 505221 0.1257
504 1517467 0.148383
505 2017622 0.185765
507 2023743 0.287
508 1514343 0.130365
510 2510851 0.275986
511 2011892 0.247543
513 1526230 0.168415
514 0 0.019
515 0 0.013501
517 1520225 0.193309
518 509112 0.044223
523 0 0.02626
532 0 0.014393
540 0 0.00329
545 0 0.011769
231 0 0.008917
237 0 0.00225
242 0 0.014545
248 0 0.011331
501 0 0.013924
516 0 0.026075
517 0 0.018094
519 0 0.008464
521 0 0.007948
522 0 0.026484
524 0 0.018355
525 0 0.014592
527 0 0.012336
529 0 0.015688
531 0 0.01947
533 0 0.018225
534 0 0.009498
536 0 0.009513
537 0 0.021065
539 1014242 0.097629
544 504444 0.066071
545 2021782 0.101795
546 2027374 0.178023
547 2529581 0.156586
548 1521739 0.202367
550 2027854 0.201763
551 2540965 0.157848
553 3051963 0.339366
555 2540900 0.291162
556 0 0.001402
566 5076523 0.37446
572 2522136 0.40759
577 3022572 0.244979
587 2530041 0.32893
599 2034958 0.168738
609 1008118 0.074295
620 2535776 0.297527
639 2016713 0.164093
660 2520609 0.284764
675 1503963 0.110171
676 2012302 0.263068
677 1011093 0.102429
690 0 0.008849
691 0 0.016783
692 504086 0.031403
693 2025145 0.125422
694 2022217 0.136436
695 1516880 0.095303
696 2023084 0.137379
697 1515965 0.129832
698 505601 0.073653
699 1516215 0.117664
700 2017431 0.178661
701 1515050 0.086319
702 1009446 0.070621
703 2512439 0.234722
704 2014465 0.162896
711 0 0.002389
716 1519276 0.045921
717 508624 0.068635
719 0 0.004031
727 0 0.002076
728 0 0.005815
735 0 0.002666
743 0 0.003631
751 0 0.010804
758 0 0.015843
759 0 0.007387
767 0 0.027014
774 0 0.005086
775 0 0.015471
783 0 0.015463
789 0 0.006825
790 0 0.002021
798 0 0.007768
805 0 0.005941
814 0 0.013551
815 0 0.004194
816 0 0.002537
821 0 0.009696
822 0 0.00364
831 0 0.015327
837 0 0.007162
838 0 0.006546
847 0 0.019555
848 0 0.00815
853 0 0.009806
860 0 0.010654
862 0 0.007963
865 0 0.002225
865 0 0.008025
867 0 0.003362
870 0 0.019012
884 2020801 0.055256
884 2531240 0.127859
884 2538845 0.089937
884 2536269 0.091294
885 1524732 0.046064
885 5617537 0.216485
105 4051221 0.51699
211 2539807 0.275276
212 5056464 0.545686
218 5589809 0.50037
229 4051221 0.238812
230 3552459 0.223365
235 2021755 0.209377
236 2522234 0.196282
238 4551861 0.269513
242 5047611 0.527482
247 5532186 0.485275
248 1010262 0.153609
251 3535525 0.281789
256 3033351 0.170873
257 3538297 0.21786
258 3539371 0.305043
260 3040913 0.168375
261 3534033 0.448755
262 3035815 0.228476
263 4522050 0.281229
265 1526200 0.113978
103 4556112 0.240154
205 2031565 0.240063
206 5559881 0.567926
217 4057745 0.405458
218 5594633 0.634705
227 2526816 0.208224
228 4556112 0.44496
230 2522857 0.214054
233 4550825 0.381378
236 5044367 0.378215
241 6038244 0.548117
242 504979 0.069547
245 3537840 0.311888
251 3033422 0.283847
252 3538805 0.355495
253 4042928 0.249116
254 3041339 0.202729
255 3532896 0.319034
256 3029564 0.24021
257 4020575 0.336578
259 1523473 0.102614
507 0 0.037525
515 0 0.027258
523 0 0.017337
530 0 0.025298
531 0 0.009156
539 0 0.04408
546 0 0.024987
552 0 0.033376
553 0 0.036336
554 0 0.022118
555 0 0.013563
556 0 0.046019
559 0 0.015415
704 4575649 0.701752
716 4045368 0.607591
729 4556386 0.519937
738 0 0.02899
739 0 0.013348
741 0 0.020481
742 2524960 0.219998
744 5076774 0.488274
746 8166703 0.807126
748 4571863 0.55349
756 6070003 0.711242
759 3532119 0.387243
761 3531936 0.452659
763 1515777 0.202982
771 1010685 0.107425
784 5044367 0.648098
797 3537840 0.505263
799 0 0.013604
801 0 0.030673
802 0 0.025024
804 0 0.030334
806 0 0.023043
808 0 0.029417
809 0 0.022144
811 0 0.012515
812 0 0.020122
817 1523473 0.075729
819 0 0.015845
820 0 0.001944
826 0 0.043977
837 0 0.005535
849 0 0.011823
855 0 0.014097
856 0 0.041026
858 0 0.026525
859 0 0.031926
861 0 0.01283
863 0 0.01604
864 0 0.015416
868 0 0.012482
879 0 0.010651
880 0 0.013126
883 0 0.014326
885 0 0.033755
896 0 0.023381
900 0 0.021192
912 0 0.047076
915 0 0.029974
922 0 0.013745
924 0 0.017183
925 0 0.005316
931 0 0.0299
933 0 0.007515
994 0 0.024669
995 0 0.010079
997 0 0.00418
998 0 0.011598
998 1527588 0.080208
998 5554534 0.234908
999 5025128 0.213573
1001 0 0.009148
1001 0 0.00722
1002 4562595 0.157363
1004 0 0.010169
1005 0 0.00471
1006 3532090 0.171039
1008 0 0.002647
1008 0 0.014688
1009 4531646 0.280552
1011 0 0.003236
1011 0 0.018449
1013 4559946 0.188758
1013 2028259 0.081026
1015 0 0.009711
1015 0 0.016144
1017 4551906 0.197185
1018 0 0.013858
1020 3532902 0.14394
1021 0 0.021601
1022 3532407 0.158271
1023 0 0.040495
1025 6062609 0.303334
1026 0 0.024091
1026 2526816 0.183058
1027 4556112 0.205565
1027 4057745 0.181498
1028 5594633 0.286078
1028 7092364 0.350879
1029 4058519 0.193534
1029 3543228 0.142722
1030 3034446 0.153473
1030 3032039 0.110511
1030 3535745 0.165423
1031 3534162 0.172002
1031 8116148 0.3329
1033 2522857 0.101704
1033 10631280 0.436336
1035 4039859 0.161145
1037 8589987 0.361419
1040 11081532 0.61017
1041 504979 0.020228
1041 0 0.007384
1043 3536975 0.146014
1043 1008097 0.035799
1044 3033422 0.169843
1044 3538805 0.183001
1045 4042928 0.153949
1045 3041339 0.105119
1045 3532896 0.176836
1046 5564973 0.278797
1046 8059636 0.303246
1048 507250 0.021162
1049 5065300 0.202246
1050 5517434 0.240072
1052 5060208 0.244623
1053 4529561 0.215672
1056 3536360 0.212037
1056 1519109 0.065761
1058 3534824 0.210869
1058 504161 0.045173
1060 1517265 0.088557
1061 3030255 0.121551
1063 2521284 0.097361
1063 3036456 0.179446
1065 3520559 0.187129
1067 5548214 0.336158
1069 5020865 0.199746
1071 2545622 0.169484
1072 3025908 0.143557
1073 6539515 0.351912
1074 4034057 0.159765
1077 3033090 0.198244
1077 4048296 0.212849
1078 3532119 0.126495
1078 3531936 0.14417
1080 1518408 0.08917
1080 3537598 0.18785
1081 1523943 0.096163
1082 3528475 0.1312
1083 3035753 0.195332
90 6574886 0.507875
92 2522034 0.275095
193 2539921 0.238737
195 9602098 1.14096
202 8637548 0.889001
212 6574886 0.782017
214 2522034 0.151132
223 9578446 0.758764
225 7079261 0.749856
227 6069333 0.393886
229 7556297 0.693394
230 5568108 0.573988
399 5568108 0.592788
424 2022149 0.172638
425 16135959 1.45771
427 7079261 0.76167
429 6069333 0.532087
430 7556297 0.737345
432 5568108 0.600531
437 2522034 0.317653
439 19210931 1.91399
444 3032530 0.304271
445 6562843 0.513882
451 6574886 0.772684
453 8637548 1.13292
455 11154436 1.3434
458 6580832 0.669285
460 6571666 0.968736
462 18222161 2.01649
465 9607048 1.25731
468 8080920 0.928903
470 13749399 1.35204
472 4572182 0.428868
480 7575567 0.905154
484 8601943 0.943594
491 10630180 0.848048
494 8642434 0.683438
506 8572021 1.00835
510 8097302 0.799567
563 0 0.026102
670 7575567 0.924244
672 6580832 0.718841
674 6571666 0.610429
675 18222161 1.63311
679 3032530 0.254809
679 7079261 0.426652
681 6069333 0.386314
682 14130253 1.12399
684 10046228 0.639776
686 9601487 0.747552
688 2039267 0.145854
689 9084189 0.623687
691 13172027 1.09007
693 3546735 0.314006
694 4564529 0.595784
696 8630467 0.909652
724 8572021 0.745201
727 8097302 0.90336
732 10630180 0.906432
736 8642434 1.0766
740 6574886 0.540216
742 8637548 0.797442
744 11154436 1.18812
746 2522034 0.197745
747 19210931 1.99333
751 2022149 0.210086
752 16135959 1.433
755 10624551 1.24292
758 7586508 0.797942
760 2021620 0.158527
761 9050827 0.997702
765 8075160 0.765143
767 13639243 1.44562
770 7584528 0.808064
772 3528545 0.38714
860 0 0.058914
863 10624727 0.861739
865 11560881 0.958843
867 8580033 0.677366
868 10579698 0.823208
870 6071068 0.560445
881 8599354 0.905304
884 7074607 0.656679
886 8096198 0.886543
890 10118477 0.883623
91 7081735 0.639288
93 2521824 0.279268
96 7082149 0.570267
97 2522158 0.147209
215 2540997 0.151047
215 10112287 0.575541
224 9654314 0.512151
235 7082149 0.475189
236 2522158 0.322412
248 9584352 0.745001
249 6568786 0.416474
250 6068056 0.445329
251 7054436 0.338056
252 5568077 0.317012
441 5568077 0.673476
471 2530121 0.171138
472 15635584 0.863656
474 6568786 0.306269
475 6068056 0.412594
476 7054436 0.472099
477 5568077 0.236323
484 2522158 0.204529
485 18719340 1.30075
488 3538462 0.291064
490 6562039 0.339876
501 7082149 0.403417
502 9654314 0.437752
504 11145491 0.573215
505 7089363 0.562358
507 6567120 0.409165
508 17712698 1.22759
511 10114485 0.788634
513 8086929 0.825374
514 12734026 1.08452
517 5594304 0.451538
530 7069832 0.539963
532 8087103 0.579901
546 11137717 0.862336
549 10175269 0.650205
561 8062530 0.689656
564 8606270 0.493532
711 3538462 0.130268
712 14136610 1.03922
714 10049194 0.793516
715 9601369 0.401147
716 8579390 0.443722
719 6068056 0.33112
720 2550711 0.106783
721 13679054 0.657178
722 4055866 0.209256
726 6567120 0.510779
727 17712698 0.951526
729 10114485 0.8956
731 8086929 0.578787
732 12734026 0.72565
734 5594304 0.328497
737 7069832 0.471914
740 8087103 0.877001
752 7089363 0.366743
753 6568786 0.329973
756 4557400 0.25046
757 7620310 0.500693
762 11145491 0.624002
764 18719340 1.25983
766 15635584 1.00771
770 2016414 0.115123
772 5037178 0.303152
773 9654314 0.794958
776 2530121 0.063762
776 11643592 0.753042
778 1519777 0.091053
779 7581494 0.647642
792 7082149 0.404584
793 2522158 0.201867
794 8089236 0.510832
795 9051182 0.522449
796 8078667 0.386853
797 14647700 1.01458
802 11137717 0.717118
804 10175269 0.614163
820 8062530 0.505305
822 8606270 0.417178
850 7595171 0.962938
852 6566252 0.688579
853 8088502 0.797318
855 9611165 0.859916
856 503704 0.032252
876 11141204 0.686505
878 11559619 0.752978
879 8585673 0.627306
881 10080829 0.523907
882 5569281 0.308783
884 7082149 0.440144
885 2522158 0.205147
887 8089236 0.459178
888 9051182 0.567021
889 8078667 0.569725
920 7595171 0.574151
921 6566252 0.512973
923 8088502 0.774283
924 9611165 0.819187
1096 7082149 0.420228
1097 9654314 0.534902
1099 11145491 0.72702
1100 7089363 0.366914
1101 6567120 0.2693
1102 24319309 1.96922
1106 18715716 1.33777
1108 15671633 1.05328
1110 23937938 1.77677
1113 10680014 0.630358
1177 2522158 0.177846
1178 18719340 1.37519
1181 5554944 0.524518
1182 12624518 0.754079
1184 2530121 0.128324
1185 15635584 0.864138
1186 6568786 0.360707
1187 6068056 0.220848
1188 23234997 1.21941
1190 17694918 1.01692
1245 11643592 1.51008
1250 8089236 0.555969
1251 1519777 0.069121
1252 9051182 0.373688
1253 2550711 0.107193
1254 11141204 0.480774
1254 11559619 0.475507
1255 8585673 0.378875
1256 8062530 0.365955
1257 11137717 0.505642
1258 7069832 0.295206
1259 24319309 1.04595
1260 18715716 0.781703
1261 15671633 0.708178
1263 5554944 0.24181
1263 12624518 0.558815
1264 23234997 1.02712
1266 17694918 0.779208
1267 5558630 0.261379
1268 20099626 0.919173
1269 17175481 0.740816
1271 7049078 0.333833
1271 6077658 0.290587
1272 8579390 0.372328
