92 630913 0.009241
147 905241 0.019753
194 648325 0.008379
229 1082902 0.022625
291 997943 0.012598
292 1485736 0.01445
293 649206 0.009179
294 429742 0.035123
296 1479619 0.002281
300 761361 0.004434
305 575238 0.008599
306 771716 0.028552
311 702312 0.009211
317 280685 0.022273
349 330231 0.007868
354 228480 0.010551
355 793526 0.030056
356 460815 0.00792
361 533284 0.009254
362 732516 0.031755
490 840298 0.018147
499 1056019 0.017352
503 398284 0.025357
505 630146 0.013224
506 524479 0.008752
507 396005 0.007646
509 344775 0.010214
510 628685 0.017079
512 290912 0.020607
514 334896 0.007429
518 736625 0.02451
519 357191 0.021298
539 1013750 0.025236
544 473952 0.001588
545 826180 0.027336
546 862285 0.011195
548 1008731 0.011412
549 342343 0.013421
551 515479 0.015975
552 853897 0.019892
554 849673 0.028661
556 1188442 0.010694
567 1040931 0.024296
573 677081 0.008911
578 587004 0.00153
588 315701 0.007025
600 428339 0.007884
609 165484 0.011257
621 461625 0.01502
640 367156 0.0167
661 299152 0.009893
675 228920 0.001677
676 787667 0.002001
678 734945 0.017984
693 147939 0.010967
694 428988 0.021103
695 501465 0.005937
696 292299 0.012459
697 322865 0.014643
698 363885 0.016545
699 314281 0.007004
700 384993 0.007684
701 556749 0.015017
702 476172 0.014595
703 579630 0.02279
704 682962 0.001639
704 312247 0.012168
716 225771 0.001354
717 48937 0.015156
884 853393 0.002023
884 619347 0.007184
884 499071 0.001895
885 491797 0.009595
885 546154 0.001825
885 1315389 0.009028
106 1165889 0.002277
211 1163897 0.013556
213 1019242 0.025928
219 1386551 0.025597
229 1163891 0.002074
230 1282631 0.004091
235 720317 0.009416
236 486330 0.016851
239 808087 0.027727
243 1397972 0.01455
247 979267 0.064482
248 659313 0.009
251 1139002 0.022918
257 1013930 0.031643
258 1479125 0.002381
259 1268920 0.012278
260 1118916 0.012292
262 790570 0.010066
263 551716 0.016078
264 1018608 0.026786
266 544428 0.016164
103 1356502 0.038796
206 418237 0.007473
207 1125947 0.024937
218 1428789 0.002308
219 1245385 0.012024
228 931504 0.011235
229 1354555 0.015401
230 478093 0.010996
233 841671 0.021483
237 1414563 0.028486
242 1143077 0.015923
243 304435 0.001484
246 1157222 0.011749
251 962611 0.024482
252 1526152 0.015251
253 903392 0.030255
254 1038195 0.007793
256 771354 0.01965
257 665238 0.007953
258 837488 0.001908
259 619976 0.021605
705 773244 0.01978
717 635930 0.009185
730 747047 0.009746
743 999036 0.025298
745 1079438 0.01098
747 2039666 0.018936
749 606200 0.016315
758 1858111 0.032819
760 526132 0.009063
762 520385 0.008257
764 83168 0.00694
772 738689 0.017468
785 1204654 0.01946
798 837275 0.011195
818 463499 0.008302
998 843062 0.02165
999 775095 0.002557
999 753056 0.009579
1002 974126 0.020648
1006 540984 0.01463
1009 752099 0.010222
1013 1063112 0.012144
1013 399818 0.002598
1017 866828 0.001962
1020 730900 0.009851
1022 1105767 0.010245
1025 1291927 0.00231
1027 929413 0.002913
1027 983379 0.005631
1028 855056 0.006299
1028 1229144 0.007591
1029 1925226 0.01772
1029 648717 0.002202
1029 552434 0.008773
1030 428464 0.002108
1030 444219 0.008139
1031 564230 0.003786
1031 446881 0.001645
1032 2201785 0.029772
1033 342454 0.004538
1034 2118226 0.007467
1035 967655 0.011811
1037 1628665 0.015839
1040 1918600 0.017808
1041 134624 0.001862
1043 804117 0.010635
1044 20404 0.001754
1044 657434 0.009759
1044 823435 0.006771
1045 778177 0.009956
1045 586478 0.013406
1046 760125 0.00667
1046 1894287 0.017439
1047 1694407 0.00577
1048 487303 0.008137
1049 612547 0.008873
1050 774196 0.013631
1052 806053 0.005619
1054 605765 0.00327
1056 651357 0.003607
1056 65049 0.006251
1058 587929 0.00499
1059 93077 0.014456
1060 383680 0.007949
1061 295826 0.007397
1063 747000 0.004662
1063 274073 0.013926
1065 594460 0.013028
1068 1055601 0.002355
1070 764986 0.010388
1072 1306331 0.018679
1072 175810 0.002944
1073 921604 0.006323
1074 706952 0.009792
1077 1062677 0.013562
1078 1019056 0.02232
1078 968378 0.011171
1079 523790 0.008271
1080 809209 0.007526
1081 1141403 0.016671
1081 290613 0.004722
1082 821212 0.004205
1083 625789 0.005884
91 1775992 0.029467
93 415085 0.007408
194 1159409 0.012497
197 1771462 0.01604
204 2428806 0.020403
213 1770594 0.017536
215 415085 0.007753
225 1966555 0.002698
226 2147461 0.032734
228 1679950 0.01018
230 1578820 0.038547
231 1319102 0.028983
400 1431775 0.014265
424 768323 0.009408
426 3315787 0.078784
428 1450629 0.022362
430 1254620 0.00994
431 1571056 0.024433
433 1023929 0.035754
438 342894 0.007575
442 3659245 0.081042
444 1533229 0.047094
446 1740109 0.029255
453 1770594 0.043916
455 1820270 0.031032
457 2541921 0.055022
459 1037203 0.020049
461 1069448 0.03629
464 3953079 0.05354
467 2515204 0.020345
469 2137755 0.037604
471 3955133 0.013653
473 1860910 0.005902
481 1784295 0.033146
485 1380655 0.013464
492 2261822 0.039894
495 1715230 0.019606
507 1716991 0.038713
512 1737070 0.055876
672 1356693 0.026373
673 1035759 0.011119
675 1065718 0.012851
677 3946351 0.04772
679 420212 0.001711
680 1450629 0.005919
681 1254620 0.002856
683 3932811 0.018053
685 1391678 0.013455
687 1711768 0.037598
688 1418463 0.002122
690 1207974 0.001746
692 2275665 0.020958
694 1034949 0.011128
695 550083 0.00857
697 2092487 0.032676
725 1715650 0.037872
728 1734376 0.03392
733 2259666 0.036305
737 1675351 0.031231
741 1770594 0.038141
743 1820270 0.034219
745 2541243 0.024145
746 342894 0.007824
749 3405512 0.068063
751 768323 0.017279
754 2804072 0.055368
757 1899340 0.047149
759 1345963 0.044184
760 139831 0.00637
763 1465849 0.014826
766 1209847 0.02888
769 2454726 0.060117
771 1321418 0.025234
773 917858 0.020109
865 2315587 0.021512
866 1707364 0.003265
868 1450953 0.002156
869 2089224 0.035419
871 1470192 0.017711
882 2017349 0.023616
885 1106405 0.034162
888 1589204 0.026263
891 1964202 0.057052
92 1947138 0.017108
93 416821 0.012009
96 1957575 0.002676
97 411779 0.001426
215 1195154 0.011657
216 1967212 0.007485
225 2761995 0.033635
236 1951009 0.045354
237 410543 0.001452
249 1930992 0.003953
250 1983199 0.002215
251 1606419 0.002059
252 1563658 0.014235
253 1324124 0.012462
442 1453751 0.00218
472 899626 0.010339
473 3155362 0.02301
474 1301266 0.023069
475 1184260 0.025404
476 1561413 0.013056
477 1016558 0.01994
484 340725 0.001401
487 3982184 0.031177
489 1578058 0.036954
490 1682900 0.024959
502 1949720 0.002618
503 2122165 0.022801
505 2576058 0.038066
507 1101616 0.011267
508 1058050 0.007865
510 4394308 0.062049
512 2661140 0.058882
514 2082465 0.017063
516 3745452 0.050989
518 2287730 0.041555
531 1620126 0.004495
533 1230447 0.037784
547 2686625 0.063469
550 2021068 0.099458
562 1642996 0.015254
565 2018373 0.002832
711 421777 0.013998
713 4007687 0.029529
715 1398785 0.00185
716 1669170 0.015278
717 1738543 0.018953
720 1184260 0.019515
721 1744649 0.045017
722 2527033 0.030136
723 501735 0.002938
727 1055282 0.001973
729 3926959 0.003681
730 2146241 0.019632
732 1673416 0.041925
733 3085707 0.025639
734 715868 0.001761
738 1221162 0.010847
741 1217071 0.001996
752 1100302 0.004632
754 1301266 0.002153
756 1228840 0.001985
758 1858948 0.02976
763 2570861 0.007723
766 3626650 0.060946
768 2675466 0.00509
771 695800 0.01656
772 1187732 0.018001
774 2122165 0.017855
776 899626 0.010442
777 2336562 0.027959
778 241962 0.006525
780 1656503 0.005092
793 1949720 0.017677
793 340725 0.009774
795 1637489 0.016426
796 1445312 0.012114
797 1363846 0.013326
798 2589748 0.049935
803 2313954 0.036261
805 1992290 0.031202
821 1642189 0.026707
823 2018373 0.018581
851 1911528 0.046959
853 1012707 0.024198
854 1474857 0.002664
856 1817581 0.034393
856 341409 0.007701
877 2487827 0.030715
879 1634080 0.014728
880 1527687 0.014101
882 1996994 0.033468
882 1333430 0.035687
885 1949720 0.002418
886 340725 0.007324
887 1637489 0.002448
889 1443106 0.029185
890 1363846 0.002278
921 1911528 0.029447
922 1012707 0.019817
924 1474857 0.029929
926 1817581 0.049988
1097 1949720 0.018054
1098 2122165 0.002192
1100 2575368 0.020877
1101 1100302 0.00174
1102 1055282 0.019978
1105 6333460 0.012943
1107 3964201 0.029582
1109 3164235 0.055498
1112 5844762 0.005629
1114 2089175 0.017826
1178 340725 0.029913
1180 3653353 0.02225
1181 736819 0.018075
1183 1848980 0.003791
1185 805277 0.010156
1186 2471908 0.037707
1187 1301266 0.024848
1188 1184260 0.0021
1189 6818296 0.083325
1191 3856110 0.048174
1247 1917359 0.016857
1251 1637489 0.014654
1251 65872 0.002587
1252 1443106 0.016552
1253 486238 0.007071
1254 2430538 0.019309
1255 1380371 0.002186
1256 1830946 0.016998
1256 1273469 0.004975
1257 2313954 0.011593
1258 1221162 0.013938
1260 6293176 0.010546
1261 3122547 0.010622
1262 3731220 0.010154
1263 771508 0.020768
1264 2152986 0.005988
1265 7277405 0.063261
1267 2933556 0.021453
1267 655836 0.009354
1269 2495020 0.020643
1270 3576013 0.027797
1271 1102119 0.012747
1272 1038861 0.004943
1273 1030403 0.002228
38 1363846 1.07943
40 2758912 0.782754
91 2430538 0.240902
91 1380371 0.081078
92 1830946 0.076762
98 1896678 0.025455
100 412030 0.001735
100 1637489 0.74144
102 1443106 0.303013
103 1363846 0.028263
125 1491208 0.759977
126 767490 0.09115
126 1753078 0.567332
127 1817581 0.454
93 1788641 0.027992
95 422232 0.007471
200 1198449 0.019408
202 1817555 0.016004
210 2623236 0.024385
219 1783913 0.005199
220 422232 0.003078
231 2059107 0.006328
233 2319103 0.030367
234 1855008 0.045879
236 1464364 0.04566
237 1334549 0.018708
410 1415205 0.002135
440 935866 0.0062
442 3497040 0.01151
444 1625528 0.010095
446 1431535 0.025876
447 1459162 0.013574
449 1003401 0.015342
452 346309 0.007233
455 4067501 0.039417
458 1681047 0.019242
460 1748981 0.015129
469 1783913 0.03304
471 1998206 0.016602
473 2539499 0.082694
475 1203841 0.023398
478 1050531 0.014303
481 4582102 0.091657
484 2570900 0.045211
486 2077275 0.021998
488 3772270 0.007479
490 1810056 0.029657
495 1671077 0.030907
498 1346759 0.005398
509 2756834 0.040099
513 1969463 0.030763
523 1742674 0.014432
527 1768660 0.008079
661 474958 0.003615
662 3987615 0.026478
664 1439877 0.028008
666 1593385 0.010593
667 1853699 0.006391
670 1431535 0.023451
671 1490244 0.028565
673 2848397 0.046164
674 555811 0.008722
677 1047049 0.012861
679 4086863 0.048786
681 1982949 0.048045
682 1677759 0.01462
684 3076799 0.028625
685 602474 0.005795
690 1284372 0.021486
693 1320461 0.002075
702 1201018 0.036524
704 1625528 0.021708
706 1260786 0.021989
707 2312013 0.039588
711 2538805 0.002912
713 3775053 0.117269
717 2719628 0.003128
719 154283 0.006691
721 1261862 0.02772
723 1998206 0.018435
724 886296 0.010266
726 1963294 0.038991
727 436185 0.001578
729 1640890 0.019685
739 1783913 0.016469
740 346309 0.012826
741 1278880 0.030367
743 1427335 0.035325
744 1350653 0.001958
746 2460609 0.085153
751 2384677 0.038144
755 1911061 0.052369
764 1741321 0.05021
766 1767920 0.017845
793 2000361 0.027118
794 1015958 0.051901
796 1273072 0.012145
798 1934558 0.032629
799 440253 0.014555
838 2462902 0.023025
840 1635566 0.028021
841 1299721 0.036409
844 2288284 0.056819
845 1236827 0.022255
849 1783913 0.043139
851 346309 0.013141
854 1278880 0.021684
856 1425146 0.026873
905 1998297 0.037561
908 1015958 0.017137
912 1273072 0.024482
915 1934558 0.084648
1080 1783913 0.015786
1082 1998206 0.021524
1083 2538805 0.003871
1085 1201018 0.002148
1086 1047049 0.012156
1088 5167267 0.025004
1091 4126632 0.108959
1094 346309 0.018724
1096 3775053 0.075775
1099 2553225 0.024981
1101 2921882 0.08471
1105 886296 0.026657
1107 2719628 0.049702
1109 1625528 0.031023
1110 1431535 0.016103
1113 6796178 0.085036
1116 2747647 0.051474
1122 1586996 0.086287
1124 3027755 0.003198
1125 1077293 0.011813
1126 1963294 0.018163
1127 2777191 0.021966
1129 1108094 0.005776
1129 209532 0.006221
1130 2834496 0.010728
1131 1189103 0.002079
1132 1080492 0.023312
1133 1425146 0.013173
1134 363920 0.001628
1134 1260187 0.014771
97 1913789 0.015302
99 412815 0.032705
95 1942136 0.021936
96 413828 0.021382
202 934137 0.009344
203 1815210 0.018979
212 2571681 0.040597
223 1941488 0.032975
224 413208 0.001614
236 2090102 0.016958
237 2184204 0.020632
239 1745001 0.027532
240 1630102 0.013841
241 1309026 0.011743
106 1729297 0.01867
108 408395 0.077431
235 1015850 0.029973
237 1846376 0.049988
244 2660978 0.021634
255 1726121 0.042457
257 408395 0.006633
269 2093004 0.029642
270 2059274 0.017775
272 1577990 0.015107
273 1534282 0.03861
275 1310393 0.038832
438 4243710 0.062319
446 3750886 0.104663
466 3333206 0.049141
468 3374883 0.060071
471 1343895 0.045341
392 3815347 0.030238
394 2207299 0.017333
419 2944938 0.104528
422 3841412 0.066983
424 2994564 0.067259
435 3331540 0.025069
436 3166852 0.021435
437 1365565 0.012721
161 769173 0.025254
162 1516570 0.053157
164 679316 0.014392
269 1158890 0.070842
279 1201111 0.001887
291 1188517 0.012352
302 1322962 0.039523
315 1455055 0.016594
376 1624601 0.002687
377 675442 0.018982
379 2060558 0.062004
380 803403 0.010363
405 1231214 0.013586
407 1510741 0.022721
478 1797317 0.002494
479 501842 0.001716
487 1602885 0.015607
495 927085 0.01214
497 483983 0.006132
504 1465852 0.024462
512 1565179 0.026499
516 1347859 0.013048
522 1265041 0.014262
525 2241194 0.028131
542 1534199 0.056289
544 1118866 0.038734
546 1161100 0.012157
548 1347663 0.014689
571 431092 0.02205
574 2293412 0.044434
621 1565236 0.003369
622 94398 0.001627
628 1540715 0.018214
631 1362286 0.02945
634 1450222 0.034904
636 923540 0.01152
638 978316 0.085112
640 881814 0.029888
642 976737 0.028653
644 2241194 0.026021
646 977744 0.011567
649 1479089 0.014417
652 999242 0.01234
654 1394348 0.037411
656 328131 0.008381
658 1059236 0.014963
660 1642938 0.016091
666 1381344 0.016232
668 705364 0.01039
670 1766974 0.030513
727 1337874 0.02925
735 1865415 0.023374
737 1236858 0.032009
746 1149526 0.013378
749 2198231 0.037393
751 677385 0.008746
753 581746 0.00992
754 1837991 0.016367
853 1295550 0.017858
854 1375831 0.029948
856 981718 0.017499
857 519461 0.003469
863 904842 0.055661
864 1298466 0.014476
866 1187030 0.032615
868 1880881 0.08492
870 1177912 0.02237
872 1427343 0.018406
874 1155653 0.026122
875 904199 0.011752
880 1352172 0.041091
881 942071 0.024771
883 366611 0.010521
883 1017719 0.014078
884 1797317 0.045089
888 1035219 0.020831
957 1064582 0.028799
959 1033348 0.037448
964 1308440 0.01346
965 744194 0.011166
1043 1770927 0.025733
1044 977744 0.038559
1049 958226 0.025974
1050 1249460 0.041305
1052 641134 0.021203
1055 638945 0.010428
1057 1766974 0.021704
1058 475877 0.02894
1060 974759 0.041771
1062 1448440 0.038616
1090 90840 0.016834
1091 811255 0.002334
1093 346325 0.015469
1093 1145308 0.012869
1095 2417609 0.028745
1096 793494 0.011596
1099 1590322 0.014064
1100 881814 0.02724
1101 883752 0.021391
1102 972832 0.002212
1103 1107360 0.014579
1104 125334 0.020944
1106 1301520 0.023965
23 1627927 0.064038
26 1788479 0.418017
81 431448 0.0413
82 1387543 0.070071
83 1788479 0.037283
86 978316 0.065917
87 1758525 0.193223
88 754878 0.018944
90 314145 0.046578
90 1329071 0.182786
92 881814 0.014613
97 979888 0.206874
98 3007980 0.325517
100 1202445 0.21244
100 649586 0.027324
125 314145 0.023766
125 1329071 0.003148
126 881814 0.019333
135 1202445 0.011956
135 649586 0.001787
137 972832 0.016063
143 887473 0.008096
144 1785834 0.052949
146 682325 0.003873
148 1387543 0.025621
150 3007980 0.037785
217 649586 0.002398
218 1102731 0.02768
219 388842 0.018642
220 1328921 0.002274
220 1439235 0.016209
234 1532459 0.042181
234 875423 0.025388
235 1349746 0.029483
235 1100672 0.036565
236 619431 0.002596
237 1202445 0.013198
237 649586 0.027022
239 245750 0.011533
240 894072 0.016896
247 314145 0.010537
248 1329071 0.002263
250 1176902 0.02952
253 3007980 0.02367
254 21126 0.006264
259 1387543 0.012439
260 1788479 0.020961
263 1139788 0.011225
273 1247048 0.034614
277 431448 0.012171
278 754878 0.010577
286 1523215 0.014186
292 1758525 0.002486
293 979888 0.011066
295 956808 0.01494
296 1328921 0.002049
320 783979 0.00253
320 1439235 0.013585
321 346325 0.002414
327 1251620 0.015268
328 1145308 0.019714
328 1590322 0.09962
337 1185421 0.025009
345 1049340 0.035064
345 370213 0.002335
355 1580762 0.015643
356 868361 0.01145
357 2219050 0.002641
358 788691 0.010841
373 1048673 0.012012
374 1359502 0.013605
389 1175735 0.002183
414 613956 0.020874
414 1028781 0.016672
415 1151803 0.012911
415 127649 0.001622
421 1694854 0.016028
421 930462 0.010876
422 1643894 0.013257
423 1137741 0.00215
423 423697 0.015092
442 930462 0.045588
442 263773 0.007351
443 783979 0.010365
444 1902074 0.01625
445 522644 0.001825
449 1694854 0.006555
450 956808 0.031308
452 318330 0.007539
454 1264416 0.065565
458 1243039 0.017384
459 1112630 0.022207
462 1237311 0.141981
463 388842 0.01337
467 864485 0.015247
469 1005343 0.021424
472 1512429 0.057985
476 1791889 0.093214
478 1713534 0.219547
481 1657627 0.017155
486 1939516 0.071235
492 1245658 0.083116
494 1498819 0.053704
496 1240640 0.01371
507 763072 0.161662
508 449212 0.119387
509 1169793 0.240996
512 1524177 0.01641
514 1029647 0.026402
516 1134674 0.040006
519 1464963 0.068342
539 979888 0.033906
540 821277 0.208427
541 1527260 0.063165
542 3007980 0.121685
543 21126 0.088085
544 1202445 0.036447
545 649586 0.012158
549 558396 0.009262
551 1845578 0.049433
582 1758525 0.105917
584 431448 0.041575
585 754878 0.025287
586 1387543 0.058911
589 1788479 0.01849
590 314145 0.028478
592 1329071 0.031265
609 1481482 0.022001
610 217450 0.029385
24 1596695 1.22601
29 1788479 0.639816
84 431448 0.214612
85 1387543 0.356336
85 1788479 0.028902
87 944994 0.261447
93 1758525 0.231683
94 754878 0.178431
95 314145 0.158896
96 1329071 0.271514
97 899141 0.124477
98 979888 0.085002
99 3007980 0.195983
100 1202445 0.286608
100 649586 0.12632
122 314145 0.001461
123 1329071 0.012877
124 899141 0.010559
133 1202445 0.002508
133 649586 0.009269
134 99874 0.01197
134 872954 0.062071
138 751978 0.013296
140 1419367 0.013415
141 760326 0.039268
142 1387543 0.070634
143 3007980 0.028399
212 649586 0.002907
213 1029647 0.084338
215 388842 0.007806
215 888558 0.019534
215 1902074 0.002583
229 1524177 0.024062
229 1240640 0.166481
230 1657627 0.190695
230 1512429 0.103424
231 1194595 0.021561
231 1202445 0.017034
232 649586 0.006075
233 247542 0.00632
234 839164 0.021297
240 314145 0.017221
241 1329071 0.023223
242 1126329 0.033943
247 3007980 0.021615
247 21126 0.014375
253 1387543 0.010636
253 1788479 0.039745
256 1182642 0.013911
267 1471510 0.012721
269 431448 0.016522
270 754878 0.013905
279 1443702 0.003318
288 1758525 0.017443
288 979888 0.011073
290 1013208 0.002913
291 93206 0.01455
291 888558 0.011652
317 783979 0.00267
317 1902074 0.042668
318 307751 0.001533
324 1059209 0.030484
325 1356432 0.036236
325 1478267 0.014893
334 1294417 0.029407
342 1245933 0.026404
342 561480 0.005612
346 1665930 0.003885
346 655682 0.017405
348 1975994 0.014616
349 870829 0.035942
371 1255885 0.001979
373 1591166 0.022226
388 1175735 0.05395
412 613956 0.231845
413 1028781 0.109925
414 1151803 0.148208
414 127649 0.007045
422 1694854 0.05438
422 930462 0.020129
422 1643894 0.150809
423 1137741 0.04601
423 423697 0.009133
441 930462 0.013661
442 1425443 0.027342
443 783979 0.001712
444 1419686 0.045359
445 620568 0.016521
451 1694854 0.048498
452 1013208 0.010742
453 93206 0.00588
454 1489323 0.040389
458 1243039 0.0537
459 1396019 0.022692
461 1089159 0.012966
462 381039 0.028249
468 864485 0.078698
469 1005343 0.194879
471 1446097 0.018612
476 1791889 0.10754
477 1713534 0.175619
480 1643625 0.028019
481 1639965 0.002557
486 1245658 0.055449
487 1498819 0.197119
489 1226589 0.020564
492 2248006 0.03804
503 763072 0.031418
503 449212 0.042494
504 1169793 0.065478
506 1555681 0.027124
507 1118521 0.011468
509 1163853 0.018129
510 1322276 0.012425
522 979888 0.027491
523 821277 0.042616
524 1527260 0.125331
524 3007980 0.057188
525 21126 0.009261
526 1202445 0.023622
527 649586 0.017536
21 1629177 0.042917
24 1788479 0.058342
86 431448 0.010891
86 1387543 0.041455
87 1788479 0.01645
89 981177 0.021807
91 1758525 0.017122
92 754878 0.010601
93 314145 0.019734
93 1329071 0.024512
95 789131 0.027391
100 979888 0.011645
101 3007980 0.062706
102 1202445 0.02318
102 649586 0.023837
127 314145 0.007193
127 1329071 0.034397
129 789131 0.013683
139 1202445 0.016176
140 649586 0.018586
142 103479 0.011032
143 819901 0.009152
147 865408 0.016336
149 1805655 0.016195
150 607917 0.012328
153 1387543 0.01894
154 3007980 0.028958
215 649586 0.016883
216 1118521 0.001984
217 381039 0.007757
217 1489323 0.002093
218 1419686 0.074237
231 1555681 0.002185
231 1226589 0.004758
232 1643625 0.040169
232 1446097 0.025965
233 1202445 0.013199
234 649586 0.009228
235 245254 0.012208
236 876295 0.007562
243 314145 0.006589
243 1329071 0.012888
246 1208379 0.044812
250 3007980 0.048272
251 21126 0.01151
255 1387543 0.013038
256 1788479 0.002221
258 1260786 0.02452
268 1255035 0.034853
272 431448 0.007741
272 754878 0.022932
280 1522335 0.017375
286 1758525 0.028398
287 979888 0.017552
289 1013208 0.035754
290 93206 0.001427
290 1489323 0.021802
314 783979 0.015253
315 1419686 0.020877
315 620568 0.016113
319 1059209 0.015042
320 1356432 0.023963
321 1478267 0.014822
328 1294417 0.022731
337 912911 0.017691
337 797521 0.015816
340 1533010 0.014686
341 784016 0.014796
343 2079785 0.019933
344 771831 0.03055
378 1372842 0.002154
384 1175735 0.018093
410 613956 0.009564
411 1028781 0.011661
411 1151803 0.034298
422 930462 0.026253
423 1643894 0.053964
424 1137741 0.010968
424 423697 0.013448
434 1694854 0.030315
436 1013208 0.011373
437 93206 0.006161
438 1225634 0.022392
442 1243039 0.033861
443 1396019 0.014584
446 1223997 0.013668
447 121849 0.010302
451 864485 0.025913
453 1005343 0.029217
455 1509299 0.058977
460 1791889 0.037798
462 1713534 0.015213
465 1601740 0.011813
469 1927437 0.023493
474 1245658 0.012734
476 1498819 0.013337
478 1237068 0.022453
498 763072 0.026506
499 821277 0.030834
500 449212 0.007865
501 1527260 0.03779
502 1169793 0.011652
503 21126 0.010064
21 1720346 0.034405
24 1788479 0.0405
70 431448 0.024011
70 1387543 0.011942
71 1788479 0.018362
73 1053394 0.00622
76 1758525 0.016705
77 754878 0.03277
78 314145 0.008519
78 1329071 0.023275
80 892132 0.009798
81 979888 0.013229
82 3007980 0.031704
82 1202445 0.037344
83 649586 0.00166
105 314145 0.007595
106 1329071 0.012849
107 892132 0.002041
115 1202445 0.00229
115 649586 0.016095
116 102957 0.015597
117 858921 0.002196
124 967966 0.00442
126 2116504 0.002393
127 584630 0.001609
128 1387543 0.012547
129 3007980 0.037772
175 530189 0.001723
175 997282 0.011368
178 620568 0.010524
189 649586 0.007104
190 1129733 0.020358
198 1202445 0.009946
199 1557986 0.002122
200 1237068 0.014491
200 1601740 0.025138
201 1509299 0.01373
201 314145 0.018215
202 1329071 0.001991
203 892132 0.001858
204 1152968 0.040347
209 1788479 0.016265
211 423161 0.005322
212 892047 0.001655
218 1387543 0.002449
219 3007980 0.06089
220 21126 0.001377
223 1143921 0.009381
225 616172 0.001659
229 1520196 0.025553
231 1349006 0.036093
234 431448 0.020827
235 754878 0.001632
241 93206 0.005724
241 1225634 0.021213
248 1758525 0.002464
249 979888 0.025532
266 1419686 0.038333
266 620568 0.016268
271 1356432 0.02477
272 1478267 0.014372
276 1294417 0.018705
292 1289107 0.032294
293 1885664 0.048047
295 1704404 0.036295
296 2333333 0.0026
321 267574 0.002185
325 1765964 0.086052
346 1013208 0.016065
346 1425443 0.024302
347 275738 0.001307
354 613956 0.001702
354 1028781 0.019748
355 1151803 0.027137
355 930462 0.010684
356 1643894 0.025683
356 1137741 0.024209
357 423697 0.001603
362 930462 0.015212
363 1425443 0.020435
363 783979 0.006297
364 1419686 0.032062
366 2236430 0.036892
367 1176122 0.03252
369 1694854 0.023874
370 1013208 0.010812
371 93206 0.00758
372 813167 0.021471
374 1017853 0.020477
376 1243039 0.037176
377 1396019 0.033928
378 1223997 0.008884
380 1648450 0.01833
382 690904 0.014181
383 864485 0.030918
384 1005343 0.023384
385 1509299 0.013783
387 1589220 0.002432
390 325880 0.022151
391 1791889 0.006725
392 1713534 0.02792
394 1601740 0.044741
396 1845516 0.03588
397 1927437 0.049725
399 2672251 0.038498
406 1245658 0.021009
407 1498819 0.024118
408 1237068 0.025766
409 1433723 0.034963
411 2281515 0.066618
426 763072 0.021151
427 821277 0.00666
428 449212 0.01987
428 1527260 0.014145
429 1169793 0.045629
429 21126 0.001915
431 1557986 0.020508
433 2479984 0.061586
434 530189 0.011853
436 1317475 0.012132
437 2788835 0.022216
439 395909 0.007461
440 912901 0.01813
442 2584069 0.030682
480 1758525 0.014943
480 979888 0.005918
482 431448 0.008107
482 754878 0.009248
484 1387543 0.017439
486 3007980 0.047313
488 1788479 0.007541
489 314145 0.001432
490 1202445 0.011615
493 1329071 0.008748
494 649586 0.015758
500 1520196 0.02071
501 1027310 0.011775
502 199943 0.011525
503 892132 0.023572
503 102957 0.006731
517 1944787 0.002709
518 1514149 0.014291
520 1570742 0.034777
522 2159045 0.033808
524 1477124 0.027965
526 1999690 0.0453
528 1394827 0.002083
529 114795 0.001321
531 2357835 0.010766
534 2110200 0.036769
535 583999 0.0084
538 3114018 0.015236
539 562128 0.012803
541 2411534 0.014275
542 1368776 0.021058
544 1637309 0.02408
546 1496337 0.030068
548 2019338 0.00246
549 385790 0.013713
550 280885 0.020424
201 1093167 0.011307
211 1432410 0.013327
221 1425051 0.022464
231 1569339 0.048888
290 1373336 0.002598
292 1762627 0.032355
293 1684877 0.030496
296 3376607 0.034684
319 389891 0.006773
369 2223369 0.020307
370 1307654 0.034872
375 651138 0.008827
375 1038968 0.011169
383 1467911 0.020717
389 1585203 0.040036
395 1817032 0.017679
398 2735662 0.077323
406 1249891 0.005492
414 1981125 0.01981
415 1611989 0.002178
416 364042 0.016549
418 2582343 0.025722
425 2855202 0.022819
426 923109 0.017281
476 1641980 0.045368
477 2118491 0.00266
478 96001 0.008454
480 1309843 0.005695
481 1365137 0.022903
482 1438333 0.005138
483 1569339 0.015199
484 1032613 0.001943
485 1224004 0.002318
486 862368 0.021056
486 1296198 0.002104
487 538786 0.008738
488 2886427 0.028248
490 2734928 0.023377
497 1373855 0.027289
498 2347091 0.02394
499 604293 0.001504
501 2707995 0.023127
502 1147682 0.002028
503 1518669 0.013966
504 1520223 0.010789
508 1649714 0.013178
509 1372650 0.021388
510 292838 0.017656
522 1531658 0.02788
523 2149895 0.004699
524 1634059 0.041047
529 2100680 0.01652
531 3025501 0.079539
534 2807141 0.025608
140 829949 0.010564
142 1570567 0.028122
143 601491 0.011844
234 331976 0.007719
235 813482 0.002178
244 1209268 0.013448
258 1261982 0.014533
268 1238235 0.012371
281 1523186 0.031876
348 1393834 0.037414
351 847037 0.015996
352 304686 0.017402
355 1780888 0.04887
357 755886 0.055251
390 1542105 0.048821
444 2076155 0.067973
446 561251 0.035965
454 99316 0.031238
456 1134132 0.042002
463 1301179 0.063331
472 1009549 0.052502
482 1554340 0.106552
486 2013572 0.071573
499 1246017 0.064644
516 1535466 0.054803
518 1026061 0.042649
520 1237692 0.079892
522 1617359 0.036443
546 397332 0.01707
549 1810245 0.053591
611 1783970 0.057775
613 130193 0.048367
620 1618092 0.04691
623 1132167 0.05266
625 299823 0.016701
627 1518725 0.035813
628 844230 0.072995
631 1061484 0.030836
633 879377 0.052867
634 172732 0.036818
636 712065 0.016551
638 2234613 0.068502
641 2013572 0.07293
644 1225030 0.016173
648 807638 0.080588
650 1411641 0.066112
652 601222 0.050451
654 305605 0.016193
657 1332596 0.054509
663 1167775 0.100983
665 847037 0.024891
667 304686 0.031036
669 1780888 0.093625
143 761159 0.004401
145 1660109 0.016206
146 756209 0.00592
244 245088 0.006234
246 898529 0.006554
256 1198619 0.011675
268 1261155 0.033047
279 1252065 0.011421
290 1516224 0.013923
353 1517112 0.014017
355 874269 0.006169
357 2255472 0.023058
358 772564 0.002001
382 1462267 0.008993
438 2163955 0.037998
439 587214 0.008482
446 325235 0.002564
447 1184496 0.0124
454 1222759 0.035962
462 1519837 0.019118
471 1668488 0.042284
474 1984333 0.02938
483 1225610 0.005043
495 1547320 0.013259
497 1112953 0.023747
498 1143716 0.001908
499 1528875 0.01452
525 547300 0.015937
527 1758155 0.021847
566 1171715 0.012002
567 1594934 0.02754
568 89481 0.008495
572 1635103 0.022788
574 1211529 0.002473
575 306550 0.007313
576 1514815 0.011057
577 855114 0.00218
577 1059173 0.011467
578 872140 0.005672
578 101845 0.001219
579 795806 0.009572
580 2076157 0.019662
581 1984333 0.01735
583 1217087 0.050516
586 879354 0.011213
587 1534034 0.033382
588 482492 0.00852
589 526890 0.024569
590 1653580 0.016062
601 1509579 0.002095
602 1731146 0.002888
604 1167388 0.025189
606 2367804 0.021921
606 1655524 0.032021
607 754264 0.010059
609 2841685 0.042825
610 586905 0.001703
612 2035959 0.007245
613 1759619 0.042574
613 897468 0.020035
614 1419932 0.013564
615 709644 0.011748
639 1662576 0.029532
640 1334584 0.002178
679 1415748 0.028757
681 1105903 0.012428
683 1601842 0.044685
685 807306 0.018606
732 1458326 0.035301
734 987192 0.011157
736 1410519 0.018805
738 191863 0.015375
743 1107864 0.012355
744 1161497 0.010357
746 1167875 0.012932
747 88654 0.015031
751 821710 0.009784
752 2163955 0.036707
829 1816288 0.03126
831 1234700 0.024227
833 1434956 0.041385
834 349585 0.014235
841 1548191 0.015769
842 565486 0.02253
847 417398 0.014805
849 871190 0.020949
855 376184 0.033634
857 1266349 0.022774
859 965681 0.001711
860 779564 0.010476
918 1470422 0.005094
920 1285465 0.015971
921 614284 0.023598
1009 76554 0.005855
1011 1027785 0.032938
1012 1287348 0.035176
1014 1984333 0.026796
1019 845487 0.014308
1020 1220722 0.002073
1020 236316 0.006641
1022 371328 0.008051
1024 1287155 0.013059
1025 694851 0.016851
1028 1304413 0.002155
1029 866376 0.019384
1031 2042989 0.002616
1032 456717 0.024109
1036 1068635 0.003772
1038 1462267 0.01522
1120 383393 0.00169
1120 1033768 0.002211
1121 1135762 0.002188
1121 259341 0.00165
1121 960363 0.005343
1122 1147491 0.003974
1122 159126 0.0055
1123 1574348 0.003934
1124 1061883 0.012624
1124 1142782 0.002244
1125 1327255 0.003044
1125 1131288 0.003217
1125 1170354 0.017849
1126 1878703 0.022323
1127 92526 0.002954
1128 1440480 0.002325
1128 1162769 0.018931
1129 1644976 0.006369
1129 1104132 0.00343
1130 1821000 0.008028
1131 402021 0.001588
1131 611769 0.002521
1132 1675381 0.002438
1132 376184 0.002988
1133 1265668 0.00265
1133 957719 0.005732
1134 680234 0.012133
1134 1182935 0.014934
1135 1463562 0.016816
1136 1114903 0.002019
1136 221730 0.022952
1137 1389470 0.013275
1138 1191786 0.003681
1138 197849 0.011527
1139 1370820 0.002453
1140 798049 0.011787
1140 512294 0.006565
1142 3440857 0.020019
141 846001 0.018124
142 1772943 0.025606
142 540255 0.007948
233 1180850 0.011874
242 1131194 0.001914
255 1140026 0.002416
266 1298902 0.02555
279 1435316 0.0233
345 1661170 0.028105
346 680435 0.00221
347 2086390 0.024589
348 851089 0.009659
369 1240753 0.001957
370 1587176 0.016727
445 1766667 0.015439
445 767371 0.017064
453 1540531 0.002283
461 920454 0.015516
461 488376 0.008412
470 1392159 0.025161
478 1556297 0.002266
480 1478664 0.002115
488 1258615 0.006901
489 2187175 0.002461
500 1527067 0.013946
501 1054839 0.020815
502 1410444 0.013012
503 1345511 0.013195
508 411958 0.013857
509 2002694 0.003557
556 1434552 0.013624
557 914169 0.015632
557 961878 0.010607
558 804118 0.009876
560 993952 0.013588
562 2187175 0.034306
563 1049886 0.011319
572 1309132 0.01382
573 1750961 0.002372
574 102556 0.006383
578 1514004 0.013344
579 991314 0.001963
581 1462927 0.015007
584 1016898 0.001888
585 1435973 0.004378
585 334237 0.001601
587 1037077 0.029916
588 1584246 0.002143
592 1410885 0.030536
593 715110 0.009818
594 1797551 0.033307
600 1180216 0.011857
602 2158762 0.018296
603 536892 0.001651
604 845927 0.010327
605 2015366 0.011718
606 1725775 0.002256
608 1382139 0.002116
609 800130 0.017925
618 1320079 0.017406
619 1732625 0.019355
620 1307726 0.016631
625 1770982 0.015494
627 2828844 0.022602
629 1118395 0.001939
637 1579742 0.02779
638 1304733 0.024956
663 1684528 0.025885
665 1183952 0.012858
682 1311073 0.013116
683 1041035 0.002117
693 1409412 0.015682
694 1194652 0.013427
696 824780 0.003606
696 228501 0.001663
697 1249788 0.012434
703 274793 0.0071
704 1245002 0.012069
705 1668273 0.01922
707 1766667 0.002533
715 1570620 0.030425
725 1826679 0.003268
734 1631855 0.029819
748 1409253 0.00289
748 1215624 0.012162
749 1091524 0.00654
757 1169196 0.00204
781 663666 0.008407
782 1746529 0.002419
783 801987 0.002637
784 1343010 0.015154
813 1475406 0.002283
814 1849685 0.002433
814 939966 0.001949
893 1265685 0.012978
895 1258750 0.012413
896 1418120 0.017834
928 663666 0.011825
962 509983 0.007414
964 566872 0.010227
973 1584246 0.029159
974 1797551 0.018887
983 1382165 0.012616
984 653271 0.009218
985 1506122 0.018163
995 1320024 0.013364
996 639628 0.001769
997 1000233 0.01338
1006 1246220 0.014708
1006 334237 0.010369
1008 1660486 0.020513
1014 935399 0.045989
1024 1170546 0.01226
1038 1987640 0.015958
1039 506564 0.020469
1042 1403400 0.002194
1043 1404129 0.012349
1048 623352 0.001895
1051 93882 0.010674
1052 1316552 0.013124
1054 679645 0.015385
1055 1208035 0.011861
1066 1717569 0.002492
1069 1933441 0.002437
1071 1013425 0.002069
1072 780290 0.020026
1073 398807 0.001619
1075 1265537 0.017546
1076 1475701 0.014075
1080 789525 0.001876
1081 506365 0.00176
1082 971683 0.016864
1083 1109361 0.045698
1087 1527067 0.050588
1087 916383 0.001987
1089 1281240 0.007053
1089 1020659 0.003348
1090 577720 0.00179
1097 654557 0.009773
1099 1940457 0.002557
1111 1215624 0.004214
1112 1086463 0.021259
1115 1831935 0.005613
1117 2056917 0.055272
1126 1047328 0.011395
1127 1265685 0.02678
1128 1186646 0.015232
1129 1321618 0.005991
1130 1177127 0.015678
1131 1092314 0.026858
1132 2147947 0.005667
1134 2171450 0.024761
1136 1016056 0.029967
1137 1294309 0.006306
1139 333093 0.01101
1170 1151286 0.01238
1171 844068 0.014698
1172 78741 0.002713
1175 2348099 0.007968
1177 1469661 0.002452
1179 2011148 0.017448
1180 1417327 0.035889
1181 1822431 0.015871
1183 1368378 0.002228
1214 1863531 0.002534
1214 1413917 0.005409
1214 375511 0.009296
1215 1143871 0.012296
1216 1044828 0.016472
1216 1274150 0.005981
1217 226083 0.005954
134 968391 0.001836
135 1581428 0.002868
136 602048 0.008619
224 1115002 0.002813
232 1142427 0.001901
232 183820 0.0034
246 1264507 0.013782
257 1343187 0.019697
269 1460624 0.024226
328 1779476 0.015092
329 596986 0.008333
330 2139449 0.050162
331 863307 0.005746
353 1156689 0.011894
354 1514188 0.015922
355 247109 0.011778
426 2129040 0.044887
426 704555 0.003837
435 1594453 0.03097
441 734710 0.020601
442 581253 0.018095
450 1523326 0.002126
459 1602347 0.028951
462 1188093 0.013925
467 1266045 0.049049
470 2274500 0.020674
479 1463522 0.021336
481 1140630 0.013638
482 1063489 0.029713
483 1286542 0.033612
484 1061485 0.001893
499 404063 0.009902
499 2226910 0.002526
547 1319183 0.02817
549 1648407 0.031866
551 100175 0.0107
556 1532203 0.022974
557 1203723 0.012353
559 1459889 0.012855
560 946446 0.005317
561 1051812 0.021162
562 811011 0.01064
564 1365634 0.012755
565 1790186 0.016274
566 805054 0.0019
572 1155358 0.012053
574 2351932 0.010956
574 600754 0.001548
576 590147 0.011443
577 1829734 0.044915
578 1892344 0.021207
580 1306287 0.026738
581 792449 0.03904
583 1452223 0.036607
585 101642 0.006294
586 937442 0.037215
587 1403288 0.02689
588 334289 0.012722
590 1181276 0.026043
593 1535321 0.018369
594 645868 0.025867
615 1600708 0.025445
615 1232768 0.02464
619 1450794 0.002126
620 1676212 0.0261
621 1317095 0.001809
626 1577861 0.020658
628 2388340 0.022289
630 1131045 0.006463
679 1345575 0.012316
680 1365156 0.01348
683 1171590 0.012163
684 1193322 0.002026
736 1539061 0.002172
737 726851 0.008354
740 231836 0.018099
741 1363439 0.023001
742 1262135 0.032024
744 1577183 0.018376
746 1174675 0.003302
746 720307 0.009191
749 482154 0.008508
751 967612 0.012887
752 2129040 0.019994
811 1513222 0.021371
812 1333213 0.035764
818 1438379 0.030593
819 693681 0.013744
823 310497 0.012789
824 997233 0.045289
829 533372 0.017509
831 1181622 0.011457
834 944884 0.019192
836 1244764 0.028786
870 1340012 0.038102
872 1511982 0.040055
874 445626 0.008821
883 298077 0.028006
983 1443746 0.014929
984 1188093 0.003586
989 1117651 0.033581
990 1637982 0.029075
991 531222 0.025589
993 557695 0.002484
994 1930665 0.018386
995 587250 0.009137
998 918026 0.032447
999 1440814 0.043319
1000 247109 0.00159
1030 927463 0.021778
1032 1323135 0.032034
1034 1092569 0.055932
1036 413699 0.028016
1041 1426316 0.002658
1044 501136 0.001739
1045 1268264 0.03611
1047 1786010 0.020369
1050 303009 0.017791
1052 770729 0.018754
1056 533372 0.016151
1058 1181622 0.061487
1059 925981 0.021923
1061 709640 0.018213
1067 1340012 0.003846
1069 1440405 0.017838
1070 443789 0.018117
1121 1098091 0.002858
1122 1039411 0.01692
1122 1175569 0.01252
1122 69221 0.001635
1123 702284 0.002317
1124 1789445 0.003084
1125 225657 0.005175
1126 1113121 0.002372
1126 1219321 0.002208
1127 1192258 0.022832
1127 1068285 0.002915
1128 1187751 0.009647
1128 1012484 0.011379
1129 1906635 0.002761
1130 1196281 0.012636
1130 1477308 0.002452
1131 1452017 0.002866
1132 1102904 0.011901
1133 1503738 0.002893
1134 1212794 0.017733
1134 354065 0.013476
1135 1345500 0.002439
1136 1189516 0.012706
1157 1155554 0.002223
428 1913278 0.016719
461 955337 0.022587
463 2355808 0.022258
464 2235419 0.017228
472 1864506 0.017457
474 1448493 0.029498
142 770253 0.017118
143 1755926 0.015327
144 728014 0.016983
236 246803 0.007377
237 871641 0.019239
247 1216166 0.021636
260 1258471 0.004149
270 1345355 0.002108
283 1400416 0.02939
354 1543933 0.002077
355 852802 0.010478
356 296960 0.001427
357 1931109 0.002666
358 785201 0.001834
374 1171367 0.014557
375 1517200 0.012747
444 2031680 0.018407
445 597495 0.001674
452 1556547 0.002164
460 1232184 0.012903
469 1454248 0.048307
478 1547473 0.00598
480 2067137 0.037107
488 1261974 0.002007
490 2191777 0.018609
501 1553157 0.003515
503 1136388 0.016489
504 1155271 0.011813
505 1586342 0.013308
512 558112 0.008663
513 1989007 0.043011
564 1342004 0.014116
565 1619482 0.033319
566 125142 0.006469
569 1611388 0.015657
570 1139357 0.014783
572 1399019 0.0226
573 974436 0.012418
574 1053159 0.02535
576 897610 0.035616
576 99680 0.006017
578 835608 0.025464
579 2191777 0.021518
580 1638077 0.02616
583 1412065 0.002174
584 853643 0.009785
585 1493203 0.002717
586 504490 0.006956
586 484553 0.0085
587 1649588 0.002263
590 1316381 0.002075
591 893671 0.01072
591 296960 0.008814
592 1876583 0.037131
598 1181670 0.002002
599 2242526 0.01926
600 724740 0.007729
601 864546 0.010951
602 1766084 0.016678
603 1687935 0.015962
603 1343059 0.003892
604 800136 0.004739
609 1870808 0.016412
610 1340577 0.023233
618 1328025 0.002584
619 1754547 0.00234
621 2873993 0.004598
622 833749 0.010199
629 1548417 0.014187
630 1252812 0.020286
665 1557293 0.002759
667 1188262 0.0122
679 1309285 0.013503
680 1139791 0.012392
693 1399504 0.006183
694 1298094 0.023608
695 954350 0.023885
697 1210818 0.012161
707 1305686 0.012659
708 130938 0.006521
709 1581996 0.013789
711 2031680 0.0174
720 1677051 0.022907
731 1768887 0.002543
739 1567727 0.016936
741 298502 0.055713
752 1240984 0.011037
753 1321803 0.012762
754 968677 0.011357
762 269755 0.010078
763 468070 0.014437
788 384014 0.008063
788 1692899 0.002504
790 1138055 0.035506
791 1138633 0.001994
818 1523297 0.015322
819 1712304 0.028418
820 620460 0.00907
898 1179587 0.002267
900 1221084 0.002187
902 1484123 0.017918
934 1682877 0.003981
935 384014 0.008513
976 670656 0.014813
977 483629 0.007941
988 1649588 0.020393
989 2064904 0.028221
997 1868865 0.018582
998 121163 0.007186
999 108639 0.001387
1000 1204375 0.025402
1010 1326597 0.01251
1011 805767 0.010305
1012 894695 0.011244
1023 1079997 0.022584
1023 108647 0.006287
1024 1543242 0.016735
1030 1068774 0.011867
1040 99680 0.006758
1040 1008493 0.020858
1053 2083091 0.016916
1054 684071 0.008423
1058 1465760 0.002498
1059 1216932 0.003139
1063 781239 0.006556
1066 161298 0.006131
1067 1037289 0.011765
1070 384014 0.00549
1070 1181910 0.025034
1083 1537427 0.023353
1085 1970296 0.017045
1087 881074 0.001936
1088 885661 0.012077
1090 1275765 0.033502
1092 1682877 0.022434
1097 1114520 0.013084
1098 220821 0.011904
1100 1459747 0.027581
1101 672747 0.009563
1103 1552469 0.003212
1104 926485 0.00185
1105 1275257 0.00253
1106 1096119 0.012571
1107 922667 0.006276
1113 295678 0.008385
1114 654365 0.017075
1116 1792730 0.008019
1127 1234884 0.002041
1128 742911 0.014397
1130 530438 0.012576
1132 2945045 0.023354
1134 1578613 0.01434
1144 96909 0.006426
1145 1179587 0.002331
1147 1279691 0.021114
1148 1267922 0.036193
1149 1195013 0.016788
1151 927653 0.005912
1153 2183860 0.019986
1154 1036362 0.031814
1156 1303810 0.002253
1158 1108872 0.033355
1159 659030 0.009027
1199 546414 0.013854
1200 1081207 0.012398
1201 1174296 0.012333
1202 437490 0.007985
1204 1145413 0.002306
1205 957471 0.010901
1206 1038171 0.002769
1209 1867102 0.053604
1212 1691469 0.002509
1213 1823832 0.006805
1215 1314702 0.013528
1217 2076987 0.017656
1218 1145289 0.012128
146 882669 0.002145
147 1610064 0.040202
148 592720 0.008795
271 983862 0.010829
284 1176461 0.022176
299 1250255 0.012664
310 1264710 0.014594
324 1452106 0.02466
324 120841 0.005952
396 1703470 0.008446
396 762771 0.002475
397 2016420 0.02127
398 865356 0.02779
425 1185104 0.039687
427 1745863 0.03546
428 246146 0.02143
529 2015193 0.030375
530 569822 0.034785
541 1623270 0.003657
550 1097778 0.032586
551 273202 0.011856
558 1451629 0.014806
567 1405823 0.018767
570 1613581 0.033384
577 1366602 0.012903
580 2153926 0.017965
600 1413263 0.036796
602 1124956 0.023521
604 1003384 0.001995
604 1336425 0.027
627 600696 0.012128
629 1927966 0.016659
690 1187357 0.068505
692 1784772 0.022193
694 207993 0.001625
700 1638934 0.041113
703 1360589 0.010198
706 1449966 0.017895
707 877110 0.020785
709 1047363 0.035462
711 872800 0.022531
713 977787 0.005649
714 2153926 0.01837
716 1209307 0.00662
717 1399479 0.023715
718 77560 0.00807
721 833879 0.001998
723 1477022 0.026537
724 321609 0.013127
726 842643 0.010772
728 1672917 0.031214
763 1622179 0.014878
764 1291230 0.011948
772 1499645 0.013321
774 2005866 0.029144
776 1212146 0.005291
779 2329987 0.029877
780 1610064 0.029217
782 591387 0.013622
784 2715536 0.023889
786 610499 0.015677
788 1896166 0.039698
791 1720621 0.019613
792 1093029 0.019612
794 1404304 0.013193
936 1219339 0.023075
938 880425 0.050235
940 1034364 0.016522
942 956681 0.020836
943 684969 0.031324
948 737456 0.010247
950 1128151 0.015145
953 1347960 0.013857
955 825775 0.047385
957 1062835 0.030494
961 127501 0.018538
963 1052253 0.017093
965 2015193 0.049551
1162 1164618 0.016315
1164 1712058 0.059089
1167 1193102 0.019061
1169 1507375 0.013487
1178 1277819 0.01769
1180 892191 0.012685
1188 435582 0.037468
1190 995322 0.034059
1197 1058393 0.01421
1199 862825 0.013109
1201 715529 0.027016
1208 1574192 0.017506
1211 1379736 0.015726
1212 750380 0.027379
151 763484 0.009774
152 1659099 0.016603
153 705173 0.026273
274 235862 0.006766
275 871237 0.0109
287 1193389 0.012049
300 1251095 0.002077
312 1252609 0.013573
325 1504095 0.024189
398 1379248 0.036519
400 598408 0.008981
402 2091242 0.03004
404 766046 0.003054
443 1784858 0.036941
522 1996087 0.018994
524 599230 0.024112
534 1486841 0.060281
543 1152277 0.012507
544 233527 0.011133
553 1442220 0.037617
562 1542262 0.016246
564 1861692 0.002512
573 1234037 0.059632
577 2252376 0.053268
598 1532330 0.023121
600 1117852 0.022613
602 858629 0.023744
603 1001587 0.026729
628 528484 0.014215
630 1521981 0.035503
690 1328682 0.036269
693 1762304 0.016397
695 97876 0.023756
703 1633288 0.020438
706 1053243 0.033628
709 1503382 0.015366
711 875322 0.009257
713 1049719 0.012361
715 879135 0.016848
716 99557 0.001277
718 807870 0.020394
720 2251723 0.026058
721 1445648 0.015117
737 1473274 0.029892
739 1903003 0.070485
743 1179149 0.030249
746 2236163 0.056168
748 1658469 0.034698
750 698897 0.008232
753 2913473 0.08331
755 588583 0.008421
757 2085440 0.006445
760 1815031 0.016441
761 895738 0.010406
763 1369135 0.017384
765 801630 0.018862
767 1393309 0.014004
772 850564 0.018953
773 1499905 0.023326
775 225993 0.00883
912 1580302 0.031281
916 1079030 0.034195
917 1443398 0.014686
920 889291 0.03266
925 1495386 0.050028
928 818728 0.023215
930 1151465 0.014508
933 70494 0.044578
935 1161800 0.037982
1152 1655813 0.017108
1154 1214639 0.018957
1156 1781751 0.051009
1159 1116577 0.025396
1161 1238214 0.038299
1163 256461 0.014023
1171 1303155 0.040176
1173 463349 0.016007
1181 399148 0.01309
1183 833235 0.034381
1190 1645069 0.029644
1193 937615 0.010983
1195 578561 0.009538
1327 717844 0.036759
1336 454242 0.004783
1391 503167 0.011709
1393 1655057 0.015938
1396 1168517 0.027448
1399 1298994 0.044915
1402 1039852 0.030676
1404 931674 0.041178
1407 1485854 0.019582
1409 1271991 0.024245
1412 1095950 0.027215
1414 829360 0.024516
1421 1224894 0.040638
1423 806230 0.021326
1426 70494 0.015236
1428 1159807 0.033379
1431 1667221 0.04983
1434 389539 0.013941
1436 593590 0.034681
1442 385164 0.008276
1444 1645069 0.017944
1446 935238 0.055759
1448 518772 0.017492
1456 1564333 0.020813
1457 1230743 0.013287
1459 698859 0.009266
1462 1861692 0.004151
1463 645891 0.001877
1463 1685640 0.006511
1464 1752977 0.004318
1465 1784209 0.007022
96 1773790 0.043044
98 407527 0.019291
209 1176126 0.021648
211 1616229 0.024163
219 2446613 0.0465
220 1904082 0.030925
229 1773125 0.02683
230 407527 0.007804
241 1944936 0.015995
242 2335617 0.025635
244 1776335 0.021825
246 1429575 0.005332
247 1202562 0.015588
251 1356572 0.012784
251 222541 0.001414
95 1940485 0.044665
97 409741 0.017758
203 1181923 0.011648
205 1753030 0.015495
213 2620560 0.049903
223 1938466 0.017018
224 409741 0.012229
235 1970183 0.016742
237 2162731 0.00235
238 1682304 0.043268
240 1724097 0.077799
242 1215226 0.017029
105 1908723 0.041319
106 409952 0.007003
213 925902 0.020497
215 1759186 0.030656
223 2388638 0.024093
233 1908109 0.017699
234 409952 0.007421
245 2102558 0.036997
246 2091662 0.035548
247 1986135 0.002407
249 1480602 0.014135
250 1191427 0.032386
428 1315459 0.007528
465 656978 0.008802
467 3737514 0.087783
469 1385821 0.00207
470 1523675 0.002083
471 1479909 0.02164
473 895647 0.018928
480 343234 0.012575
483 3663740 0.025264
486 1677742 0.023284
489 1705342 0.026894
495 1908164 0.002446
497 1822226 0.031323
499 2321265 0.03207
502 1020657 0.01101
504 1034111 0.020855
507 4398771 0.101769
510 2542904 0.042008
512 2091548 0.018015
515 3731532 0.084639
517 1924368 0.019165
522 1670905 0.030283
525 1319712 0.019147
537 2664283 0.003329
542 2037036 0.034658
552 1544028 0.012047
553 1625367 0.042879
706 474182 0.008565
709 3333562 0.031168
711 1510166 0.01612
713 1574576 0.053019
715 1977508 0.003377
719 1577348 0.026762
720 1075568 0.020943
722 3198977 0.003799
723 759510 0.010214
726 1032596 0.002248
727 3885374 0.089195
729 2052203 0.034598
731 1687019 0.014337
733 3031211 0.045932
735 521284 0.021506
738 1289354 0.041787
741 1302487 0.037453
750 1019813 0.020949
751 1393539 0.010713
754 1046981 0.026376
756 2065608 0.020493
761 2320979 0.055421
764 3224567 0.034926
767 2936810 0.049191
773 1255824 0.013029
776 1822410 0.0205
778 638036 0.00918
780 1836620 0.015904
781 399655 0.00145
783 1036749 0.010912
784 1115404 0.024042
794 1908253 0.004828
794 343278 0.001552
795 1255886 0.012785
796 1421000 0.002314
797 1360917 0.003225
798 2506693 0.002978
812 2342939 0.056517
817 1998956 0.040361
849 1543392 0.030868
853 1622422 0.014851
879 1886756 0.041929
882 1067642 0.030611
884 1379403 0.023737
886 1940006 0.036718
887 548706 0.008785
939 2197509 0.047241
943 1696296 0.016625
946 1587179 0.02701
948 2174745 0.038932
949 1381162 0.009724
955 1908917 0.076568
956 343336 0.013878
961 1253086 0.035908
963 1409068 0.026391
999 1884389 0.016711
1000 1067642 0.011924
1001 1379403 0.007749
1123 1908917 0.039498
1126 1824026 0.053539
1128 2323427 0.057929
1131 1020357 0.021614
1133 1033350 0.030927
1137 6172151 0.126702
1141 3862013 0.065521
1145 3283754 0.028047
1149 5515372 0.099811
1152 2066517 0.017881
1201 343336 0.010219
1203 3226108 0.095617
1206 1108311 0.035
1208 1626225 0.03238
1243 637906 0.009979
1244 2937531 0.005436
1244 1391681 0.002739
1245 1588582 0.00442
1246 1834088 0.03247
1247 1097754 0.002979
1248 202716 0.001591
1249 1409068 0.031045
1250 183232 0.001825
1252 2194588 0.005159
1252 1202366 0.021897
1253 2346249 0.002701
1253 1289835 0.02572
1255 5984498 0.042096
1255 1107656 0.011816
1256 3531764 0.007805
1257 3107015 0.024997
1259 2624431 0.031246
1259 1698560 0.021976
1261 1359729 0.005337
1262 3507790 0.022727
1281 1982412 0.046971
1283 1064277 0.032048
1288 1676783 0.036762
1294 3646196 0.050153
1295 1626225 0.01813
1296 3589415 0.007305
1297 1075435 0.011566
1298 1162340 0.012378
1299 2234728 0.005442
1300 1003540 0.011438
1300 1033894 0.011588
148 1084115 0.014433
150 1375574 0.014424
151 673669 0.009401
240 1164983 0.012038
248 1215504 0.027208
261 1201988 0.045091
273 1351597 0.014676
285 1453937 0.01349
343 1676512 0.02918
344 647867 0.012202
345 2088026 0.034247
346 583813 0.015084
364 1330509 0.013062
366 1630007 0.017952
431 2017713 0.003367
432 711048 0.002934
438 1495884 0.030832
446 992928 0.019861
447 440765 0.008823
454 1452661 0.015075
462 1360783 0.020972
465 1826832 0.019882
472 1218872 0.037982
475 2286035 0.035294
490 1634796 0.022944
492 1118545 0.023019
493 1002797 0.00172
494 1335821 0.025389
517 575598 0.009668
519 1928565 0.017882
562 1652099 0.031129
563 90331 0.007423
568 1493790 0.002175
570 1074056 0.01398
573 1451718 0.03273
574 950757 0.012081
576 973474 0.011954
578 887913 0.033675
580 971985 0.013489
582 2285142 0.002787
583 1389865 0.009798
584 1432791 0.013871
588 1000940 0.013084
590 1396953 0.002163
591 340302 0.009114
593 912507 0.013797
595 1605286 0.019768
601 1420137 0.046324
602 684498 0.037488
605 1797381 0.065317
656 1263207 0.015113
662 1833718 0.017172
664 1425308 0.040531
671 1172724 0.014693
673 2209531 0.061549
675 673669 0.024699
677 600852 0.02101
680 2009139 0.020295
749 1420686 0.017524
750 1540735 0.061133
751 893613 0.019935
752 749934 0.001978
754 1025504 0.013244
756 1278714 0.021316
757 1197473 0.032745
758 1814434 0.004536
759 1297061 0.013991
761 1127157 0.013464
762 967623 0.012871
767 307115 0.016478
768 872835 0.011478
770 2016341 0.039054
772 402743 0.009673
837 1241984 0.032878
842 1396638 0.014879
843 342864 0.010498
849 918457 0.013613
854 1106128 0.005025
856 1014543 0.01386
857 712676 0.011228
863 1532184 0.043108
866 1190115 0.02637
867 682801 0.01066
950 518200 0.00186
952 361866 0.010005
996 871017 0.005504
996 316982 0.002618
996 1179805 0.002144
997 1671799 0.004741
997 174814 0.018669
998 917700 0.007877
999 517256 0.012114
999 1101166 0.010342
999 1009789 0.003049
1000 2149893 0.008293
1000 776559 0.013179
1001 1521003 0.00248
1002 1058578 0.004247
1002 352600 0.001696
1002 879731 0.008429
1003 1818039 0.003215
1003 1389865 0.011591
1004 1122624 0.014234
1004 125104 0.004277
1005 792231 0.019929
1005 1223906 0.01036
1006 1344690 0.025619
1006 614820 0.001844
1007 1797381 0.016059
1008 1076875 0.002311
1008 1552313 0.0055
1025 1634074 0.249214
1028 900980 0.062347
1031 1049027 0.14141
1034 1086593 0.025905
1037 667881 0.065029
142 834504 0.005427
144 1594916 0.020451
145 691783 0.024588
235 241696 0.001719
236 949426 0.001935
244 1209565 0.033471
257 1194373 0.012791
269 1483537 0.00341
281 1457110 0.03005
343 1473284 0.014804
344 751359 0.01806
346 2080649 0.042137
347 802008 0.010257
375 1647186 0.018213
439 1485376 0.035162
448 1236800 0.014593
449 229405 0.008181
456 1467278 0.020922
465 1564837 0.021528
469 2129711 0.022202
473 1239673 0.013525
477 2175955 0.026282
490 1532233 0.028196
492 1119785 0.012014
493 1015675 0.002051
495 1540983 0.033367
515 693971 0.017645
517 1803400 0.028169
561 1266962 0.006727
563 1780378 0.010955
565 111524 0.007194
571 1678768 0.030959
573 1419434 0.014652
575 283649 0.021404
576 1454482 0.014955
578 1079365 0.013836
579 965764 0.013508
580 888304 0.021662
581 100948 0.031745
583 820965 0.01203
585 2171693 0.019681
586 1688178 0.030181
596 1509090 0.018545
598 2151944 0.021482
601 1186941 0.025569
603 2211360 0.021483
604 1594916 0.020482
606 690449 0.011728
608 2807685 0.014178
610 584251 0.016181
612 2257050 0.045906
614 1809050 0.024337
616 1102043 0.017158
617 1435812 0.022398
619 713341 0.011892
620 1320535 0.015074
623 926352 0.016684
625 1392886 0.026961
626 495776 0.008851
701 1545179 0.015975
702 1064134 0.002275
704 1507223 0.016868
706 826981 0.002493
788 1540316 0.015827
789 924878 0.038009
790 1107567 0.019167
795 178320 0.015688
797 1658730 0.020421
798 1251215 0.00227
800 1799765 0.047923
801 1503844 0.019462
803 1465786 0.004385
805 1235500 0.036658
811 1463679 0.016541
813 98824 0.001652
814 1198357 0.015287
817 1893439 0.038626
820 488760 0.030615
822 789800 0.029622
895 1323089 0.02888
897 638463 0.02451
903 1260690 0.046057
904 610336 0.020564
990 681787 0.002024
991 1304979 0.030457
993 2128563 0.048702
996 1115315 0.003256
996 255615 0.006448
998 569835 0.005139
999 1583215 0.031965
999 711357 0.036892
1002 1245529 0.052057
1003 751359 0.043362
1005 1816918 0.016828
1007 467104 0.026489
1010 1177348 0.036291
1012 1646429 0.023854
1094 310873 0.001892
1095 1108110 0.014204
1096 1184181 0.026969
1096 386303 0.011549
1098 1234853 0.006117
1099 881715 0.00347
1099 1079871 0.033951
154 846054 0.018114
154 1887441 0.003331
155 666540 0.00593
255 244934 0.001612
256 880726 0.006527
267 1189122 0.001993
281 1240497 0.002314
293 1378825 0.002205
307 1532873 0.003217
377 1632134 0.014921
378 849707 0.012251
379 2054077 0.00547
380 762288 0.018903
399 1193275 0.002803
400 1643058 0.015991
485 1493219 0.036124
494 1228024 0.021121
495 226472 0.015503
503 1444309 0.01444
513 1556805 0.011374
515 2147754 0.01525
524 1252603 0.013947
533 1548183 0.001968
534 1119276 0.001793
535 997813 0.012788
536 1452237 0.01405
543 573923 0.009496
545 1936876 0.016146
591 1531460 0.015968
592 978602 0.003572
592 1039639 0.003841
593 874879 0.015391
593 104461 0.001428
594 896641 0.028687
595 2172554 0.023745
596 2146860 0.00662
604 1102392 0.028197
605 1571094 0.038369
606 95232 0.007281
609 1667395 0.047973
611 1135458 0.013236
612 1413489 0.020984
615 861955 0.011448
616 1491979 0.014504
617 452186 0.010034
618 526463 0.003943
619 1694570 0.002437
623 1359488 0.001995
624 886528 0.017871
625 1799018 0.002033
635 1145172 0.011515
636 2222498 0.024294
637 666540 0.009534
638 882814 0.02568
638 2072261 0.046955
639 1668934 0.016332
640 1494600 0.002209
641 792196 0.010857
647 1873725 0.050709
648 1102392 0.031418
656 1497048 0.015386
658 1887441 0.01684
659 2972986 0.006535
660 841988 0.011672
669 1518534 0.013568
669 1338546 0.014103
703 1560664 0.002352
704 1186996 0.010027
715 1416812 0.029717
716 1122802 0.004908
724 1550638 0.028383
725 1333681 0.034516
726 1077526 0.022953
727 2914 0.008967
728 1492540 0.002613
734 1282312 0.017751
736 2247061 0.062829
743 1648790 0.002567
753 1540504 0.048001
763 1773538 0.016831
772 1659238 0.032567
773 498179 0.013161
785 1469521 0.002562
786 1384752 0.018599
787 889743 0.010103
818 510952 0.023241
819 2058204 0.046966
820 1589574 0.003744
821 1066545 0.018926
846 1688355 0.00254
847 1761786 0.006657
848 639223 0.011898
925 1249962 0.044926
927 1512406 0.021366
928 1635162 0.043146
959 1895666 0.021663
960 509946 0.012764
1005 688281 0.018393
1006 468194 0.010582
1021 1693925 0.026531
1022 1799018 0.03107
1028 1967994 0.075712
1029 177069 0.009708
1030 1528035 0.0807
1041 1324328 0.096861
1042 811786 0.026341
1043 911405 0.125711
1052 1173001 0.01749
1053 45985 0.001604
1054 1632134 0.036566
1059 1024767 0.034636
1068 104461 0.070639
1069 1009063 0.076796
1083 2052419 0.132782
1084 561184 0.002084
1087 1606673 0.043021
1088 1152599 0.0154
1092 761628 0.134479
1095 171072 0.039078
1096 912926 0.014356
1098 509946 0.025228
1099 1459213 0.021245
1134 1148446 0.053804
1136 873758 0.01348
1136 95918 0.001595
1137 1209898 0.002383
1137 1895666 0.020318
1138 1537079 0.01842
1139 2024953 0.029285
1178 1562243 0.05111
1179 475131 0.001962
1182 1807596 0.019416
1183 561139 0.006339
1185 1546754 0.033734
1186 1003995 0.014418
1187 1369407 0.016257
1188 1189518 0.014885
1189 999833 0.038299
1196 486261 0.002449
1198 795916 0.002156
1201 2149764 0.045082
1215 1365737 0.016272
1216 1274311 0.017598
1218 1426562 0.027877
1219 1403166 0.003336
1220 1233021 6.02561
1229 1429186 0.024151
1230 753388 0.006782
1231 1221288 0.009451
1232 4160506 0.018033
1233 1806742 0.003601
1247 1263868 0.01636
1247 1353964 0.005117
1248 1083749 0.015359
1248 1102589 0.002728
1249 1750162 0.004067
1250 2023449 0.004264
1250 1033310 0.015186
1251 1911368 0.004443
1251 1580383 0.003818
1252 1429772 0.005625
1253 1944339 0.019758
1253 1431252 0.017638
1253 964751 0.004665
1254 1635160 0.004664
1255 1472213 0.006597
1364 529540 0.005573
1365 1187016 0.009342
1366 1406764 0.020345
1366 388884 0.00453
1370 1426941 0.018613
1370 1830352 0.00453
1371 1587953 0.015939
1371 1115066 0.003822
151 1024700 0.011765
152 1971301 0.002389
153 565433 0.00149
249 245884 0.001619
250 870619 0.00665
261 1198317 0.001999
274 1264823 0.008324
285 1247367 0.013581
299 1464440 0.011881
367 1734642 0.023479
368 811612 0.001784
369 2055737 0.002831
370 735674 0.010693
389 1035200 0.004533
390 1631975 0.016014
472 1491049 0.04504
481 1236306 0.0293
482 239796 0.023987
491 1446563 0.014175
499 1556605 0.002279
501 1716116 0.002354
508 1101326 0.012065
510 2275197 0.03186
521 1612641 0.017594
522 984459 0.014876
523 996099 0.005819
524 1454867 0.002205
531 565788 0.009592
532 1944991 0.003671
577 1463039 0.01285
578 852661 0.008663
578 1059366 0.012263
579 875874 0.001917
580 101586 0.001714
581 919752 0.011467
582 2273835 0.008929
583 1326920 0.014141
592 1329098 0.04411
594 1884141 0.022903
596 121110 0.01007
599 1643250 0.030498
601 1040875 0.012435
602 288852 0.004166
603 1334558 0.002307
606 851110 0.011408
607 1507957 0.019398
608 462787 0.009406
609 643380 0.010026
610 1671156 0.031111
614 1467355 0.002224
615 845957 0.024017
616 1796481 0.002469
623 1182102 0.03876
624 2349943 0.020993
625 565433 0.011936
626 855383 0.006245
627 1779287 0.047431
628 1742196 0.007951
630 1558434 0.012699
631 717561 0.012381
635 1858791 0.006127
636 1329098 0.015488
645 1500855 0.016604
647 1970510 0.018381
649 2946136 0.029654
651 824841 0.012764
659 1521437 0.002417
660 1280019 0.01395
696 1400462 0.015627
697 1189750 0.001906
715 1266582 0.013499
716 1500140 0.015021
717 1125378 0.01402
718 1072253 0.036054
719 3968 0.00141
733 1243648 0.032982
734 1318040 0.014893
735 195479 0.014098
736 1502984 0.038261
739 1490247 0.015537
740 2258638 0.023106
761 1407796 0.014895
762 1780384 0.002688
781 1639443 0.016813
782 1594771 0.005751
784 1142220 0.028217
785 481022 0.010924
786 885142 0.012957
809 510932 0.010382
810 2044679 0.022804
811 1122459 0.012159
812 1039735 0.01384
832 1675267 0.002473
833 1564204 0.034198
834 616528 0.002165
909 1154228 0.013146
911 1491555 0.004213
912 1625667 0.060384
943 1909799 0.016678
944 506359 0.011707
988 572623 0.025384
989 436997 0.01071
1000 1671156 0.002658
1001 1796481 0.029286
1009 1564708 0.017128
1010 282748 0.019949
1011 1526034 0.006814
1022 1439352 0.023144
1023 758210 0.002069
1023 764136 0.02874
1033 1195162 0.020294
1034 43188 0.001693
1034 1734642 0.006533
1040 1052218 0.035281
1049 101586 0.00878
1050 1008200 0.013995
1064 2056774 0.002627
1065 550599 0.037704
1068 1610319 0.011051
1069 1060305 0.041986
1073 761710 0.020309
1077 175876 0.022766
1078 900451 0.034901
1080 506359 0.012175
1081 1444634 0.002357
1108 718774 0.02488
1111 750971 0.019388
1114 101301 0.022516
1116 1187746 0.002328
1116 1909799 0.014785
1117 1387581 0.016645
1118 1998093 0.002839
1197 1102023 0.001927
1198 408120 0.026287
1200 1572061 0.021348
1201 898518 0.024527
1242 651440 0.02312
1243 1204881 0.004673
1243 1312506 0.06727
1244 395292 0.021774
1245 1010200 0.026837
1246 1107937 0.002388
1248 2040393 0.00607
1249 254856 0.053448
1250 1259179 0.037521
1251 1172891 0.016797
1252 1433035 0.034365
1252 1380529 0.099918
1253 1390331 0.038874
1254 2179769 0.006512
1256 1207089 0.007597
151 887220 0.010355
152 1821507 0.011514
152 530458 0.015677
251 1164755 0.00179
261 1197701 0.025581
275 1199069 0.009537
287 1352733 0.013997
301 1453588 0.01397
369 1810224 0.034562
369 668248 0.002283
370 1971756 0.01752
371 856504 0.003165
394 1314867 0.010483
395 1635326 0.002248
471 2212981 0.002622
471 689344 0.001839
480 1487647 0.003435
488 971980 0.020888
489 462915 0.012813
498 1399956 0.002196
507 1538776 0.01463
509 1334348 0.014552
517 1212181 0.013692
519 2247543 0.020661
527 1457536 0.017075
528 1090918 0.002032
529 1178083 0.042678
530 1331673 0.043692
537 433122 0.001568
538 2133913 0.023489
586 1452856 0.015073
587 954024 0.002019
588 969037 0.012279
588 871716 0.011783
590 967959 0.029771
591 2245054 0.020062
591 953293 0.012766
599 1325117 0.02992
600 1585264 0.01741
601 87247 0.007704
604 1513075 0.015527
605 1038262 0.065177
607 1448530 0.014809
610 1001397 0.011167
611 1421987 0.04379
612 342326 0.016341
613 927119 0.001761
614 1674790 0.015128
620 1561952 0.002491
621 698337 0.001869
622 1686241 0.002606
631 1161448 0.006057
632 2171299 0.029067
633 530458 0.003954
633 859192 0.038724
634 1854812 0.018979
635 1763669 0.041812
636 1325816 0.001951
637 803649 0.026958
643 1867913 0.01486
644 1325117 0.020601
652 1475428 0.030874
653 1821507 0.002676
655 2852026 0.00629
656 1100069 0.002463
665 1524300 0.016271
666 1424669 0.002176
702 1548783 0.002337
703 1173630 0.004272
718 1319966 0.014348
719 1554632 0.015299
720 1054108 0.006932
721 851571 0.001936
722 136015 0.00154
728 1306417 0.017285
729 537289 0.010943
730 896676 0.001909
731 1160108 0.002117
733 2212981 0.047822
740 1621470 0.016145
751 1415769 0.031903
761 1847167 0.021651
771 1607488 0.002382
772 327367 0.009262
783 1385323 0.002588
784 1354244 0.002288
785 1029315 0.012996
792 733741 0.011599
815 518990 0.011085
816 1731534 0.002293
818 1067347 0.01527
819 1066656 0.040275
844 1633660 0.009534
845 1583199 0.002318
846 832836 0.002097
925 1219879 0.002382
927 1223525 0.002316
928 1585714 0.002622
958 1880798 0.018885
959 518990 0.011397
1006 635349 0.045647
1007 534428 0.019964
1017 1674790 0.002109
1019 1686241 0.002636
1027 1231754 0.023711
1028 568196 0.011728
1029 1562995 0.015663
1039 1433676 0.05646
1040 620824 0.006867
1041 1069092 0.006699
1050 1222650 0.014153
1051 342326 0.011568
1053 1808124 0.022574
1058 934422 0.002019
1067 1149612 0.064615
1082 2134780 0.022064
1083 520636 0.022751
1087 1568520 0.018312
1088 1083237 0.015176
1092 694827 0.001877
1096 97289 0.005903
1097 1042395 0.002563
1099 518990 0.004106
1100 1175579 0.002358
1130 1417244 0.024579
1135 1955219 0.003139
1136 884215 0.009799
1138 842988 0.002001
1140 349871 0.004552
1141 1151106 0.053751
1145 1880798 0.64285
1167 1057002 4.49358
1172 637724 0.015362
1173 1173616 0.004895
1173 1025124 0.013407
1193 1456139 0.065605
1195 964317 0.037707
1197 1355260 0.022896
1199 1149181 0.03153
1201 727832 0.033673
1208 323066 0.001984
1209 791661 0.01293
1211 2020290 0.021809
1263 1357624 0.01691
1264 937250 0.014417
1264 1033910 0.004017
1265 3979879 0.004691
1266 2386168 0.016372
1278 1157080 0.005252
1278 1358454 0.002
1279 1047263 0.003412
1279 360769 0.011339
1280 2348079 0.004316
1281 864659 0.013559
1281 1336733 0.005615
1281 1176290 0.006199
1282 1502148 0.002717
1282 1286670 0.009625
1283 1181993 0.002157
1283 2063661 0.00512
1284 1976265 0.00708
1284 1551244 0.002838
1285 1882523 0.005817
1286 1432474 0.02117
1286 1935208 0.028859
1287 1486988 0.018288
1287 1211535 0.01519
1288 1726762 0.018955
1288 1471295 0.03026
1378 1297480 0.013156
1379 1246542 0.006195
1379 1310375 0.002279
1379 201496 0.004528
1393 2210399 0.218261
1396 1532946 0.080281
1397 1885738 0.045216
1399 1683972 0.083634
1400 645635 0.015192
