1270 -2.01121 -0.103812 0.579846
1244 -2.15139 0.0456903 -1.86058
1248 -1.88154 -0.0560281 -1.56602
1249 -1.87691 -0.082014 -1.46707
1251 -1.87252 -0.0944685 -1.3281
1134 -6.52357 -0.047201 -0.950604
1139 -6.26551 0.0290062 -1.03413
1266 -1.91201 -0.0751668 0.528315
1277 -2.20277 -0.141854 0.645294
1245 -2.07172 0.0254365 -1.75963
1274 -2.08199 -0.131681 0.62129
1158 -6.11198 0.130076 -1.13569
1233 -3.05867 -0.063927 -1.91386
1225 -3.57634 -0.0534911 -1.49288
1223 -3.70195 -0.0596872 -1.60064
1230 -3.2807 -0.0283682 -1.8212
1208 -4.28069 0.00424808 -1.42596
1206 -4.32082 -0.00658721 -1.43535
1226 -3.52926 -0.0804877 -1.57587
1222 -3.86166 -0.0393879 -1.66779
1182 -5.48647 0.0951638 -1.30503
1264 -1.89888 -0.0549559 0.495768
1164 -5.6947 0.160459 -1.31453
1196 -5.11631 -0.0463532 -1.48917
1228 -3.47196 0.0262186 -1.62121
1189 -5.43071 0.0693064 -1.31711
1260 -1.87119 -0.00342526 0.422711
1177 -5.54436 0.11447 -1.30707
1254 -1.91129 -0.1468 -1.06183
1247 -1.92737 -0.040867 -1.62256
1215 -4.1773 0.0175495 -1.44932
1173 -5.56745 0.129942 -1.31434
1176 -5.54172 0.12195 -1.31015
1207 -4.30076 -0.00234574 -1.42904
1227 -3.49698 0.0106924 -1.58045
1221 -3.98983 -0.0128781 -1.5774
1218 -4.13881 0.0154102 -1.46249
1217 -4.15145 0.0150777 -1.45982
1142 -6.24514 0.043465 -1.04824
1229 -3.36634 0.0304871 -1.78644
1201 -4.66006 -0.0375839 -1.42236
1149 -6.19612 0.100551 -1.07613
1153 -6.1402 0.113142 -1.08763
1150 -6.18724 0.113219 -1.07334
1144 -6.23028 0.0640934 -1.04642
1152 -6.1515 0.104569 -1.08873
1135 -6.41707 0.00044626 -0.999353
1231 -3.17234 -0.00704253 -1.79235
1219 -4.13143 0.0186075 -1.46526
1258 -1.82811 -0.0169164 0.37108
1141 -6.25124 0.0382115 -1.04197
1269 -1.98546 -0.0901227 0.57062
1157 -6.12025 0.138607 -1.10813
1259 -1.8667 -0.00882271 0.415442
1163 -5.71001 0.167094 -1.29752
1272 -2.03227 -0.111795 0.607692
1278 -2.22418 -0.1467 0.657859
1261 -1.87574 -0.00419611 0.433507
1276 -2.17361 -0.150998 0.642077
1165 -5.6723 0.161797 -1.30954
1159 -6.08434 0.127078 -1.16899
1151 -6.16704 0.101578 -1.0816
1138 -6.28131 0.0343445 -1.03996
1137 -6.28069 0.0502587 -1.00719
1156 -6.11864 0.131098 -1.10378
1145 -6.22294 0.0636567 -1.05958
1147 -6.20535 0.083396 -1.06104
1220 -4.03892 -0.00896949 -1.51091
1140 -6.25255 0.0486256 -1.02962
1136 -6.31097 0.032477 -1.02111
1284 -2.27458 -0.0413514 0.726499
1170 -5.6064 0.144075 -1.31373
1190 -5.42711 0.0753268 -1.31242
1252 -1.89276 -0.120745 -1.24233
1216 -4.16929 0.0223771 -1.44903
1234 -3.01056 -0.052222 -1.95307
1175 -5.54111 0.116716 -1.31331
1187 -5.44748 0.0876331 -1.30617
1185 -5.46086 0.0824204 -1.31161
1183 -5.48359 0.098917 -1.30019
1211 -4.23555 0.0162442 -1.43257
1199 -4.83437 -0.0740542 -1.45879
1195 -5.22133 -0.0114703 -1.47486
1210 -4.24891 0.0141256 -1.4226
1283 -2.26962 -0.0849182 0.715266
1181 -5.49361 0.0945135 -1.30731
1198 -4.92856 -0.101964 -1.46817
1200 -4.75934 -0.0911802 -1.48705
1188 -5.43306 0.0634286 -1.32505
1191 -5.40658 0.0554764 -1.32807
1241 -2.47075 0.0909042 -2.01699
1242 -2.39267 0.104392 -1.97662
1212 -4.21495 0.0224101 -1.43305
1205 -4.34814 -0.0120333 -1.43915
1178 -5.51635 0.112956 -1.31438
1213 -4.20363 0.0206697 -1.4405
1236 -2.90182 0.0159975 -2.02999
1237 -2.83492 0.0333911 -1.94149
1280 -2.27203 -0.1552 0.670219
1240 -2.58187 0.100936 -1.9926
1275 -2.12188 -0.142495 0.634011
1235 -2.96842 -0.0661876 -2.05563
1253 -1.89821 -0.117322 -1.18018
1184 -5.46837 0.0841984 -1.30961
1257 -1.80233 -0.00476316 0.323056
1238 -2.72032 0.0797753 -1.9419
1239 -2.73466 0.190517 -2.00125
1232 -3.08356 -0.0173994 -1.86271
1243 -2.28474 0.0834044 -1.95364
1281 -2.29325 -0.161912 0.676811
1167 -5.64599 0.152812 -1.31518
1172 -5.57105 0.133068 -1.31212
1168 -5.6332 0.144275 -1.32143
1161 -5.9724 0.156511 -1.25786
1250 -1.87805 -0.0788922 -1.42472
1279 -2.23375 -0.148389 0.672305
1169 -5.62483 0.143041 -1.32395
1143 -6.23172 0.0594773 -1.03687
1174 -5.56492 0.110064 -1.31451
1246 -2.00159 0.00297317 -1.70241
1155 -6.12137 0.111401 -1.11116
1160 -6.07932 0.135742 -1.18058
1166 -5.67105 0.151922 -1.31737
1262 -1.87402 -0.00320219 0.4402
1197 -4.99904 -0.089084 -1.49261
1146 -6.21395 0.072599 -1.06317
1263 -1.8875 -0.0197565 0.466941
1171 -5.59321 0.129359 -1.31955
1162 -5.80981 0.163105 -1.31218
1192 -5.40029 0.0469397 -1.33279
1179 -5.51515 0.113311 -1.30594
1180 -5.50519 0.108719 -1.30347
1203 -4.44953 0.00125045 -1.46958
1224 -3.62686 0.00974241 -1.52894
1214 -4.18913 0.0183491 -1.449
227 -5.29448 -0.496783 4.79144
228 -5.32032 -0.477379 4.87621
229 -5.36014 -0.474381 5.02259
230 -5.44748 -0.461465 5.08438
205 -4.68402 -0.223328 4.03538
207 -4.6852 -0.231164 4.0584
209 -4.69468 -0.243453 4.07957
211 -4.78283 -0.282952 4.14695
210 -4.69973 -0.243455 4.0816
212 -4.84743 -0.322187 4.15301
213 -4.92154 -0.358049 4.17127
1116 -7.26734 -0.0921065 -0.402955
203 -4.67454 -0.220191 4.01749
204 -4.6881 -0.222811 4.01703
202 -4.62818 -0.213581 4.02078
232 -5.51032 -0.48497 5.16427
1118 -7.05938 -0.0530238 -0.610896
1119 -6.99456 -0.0324759 -0.640851
1120 -6.92602 -0.0333636 -0.673579
1133 -6.58937 -0.113988 -0.912423
1132 -6.6599 -0.157128 -0.880586
1111 -7.56608 -0.148044 -0.166633
1107 -7.66808 -0.167297 0.0891402
1109 -7.58697 -0.163083 -0.00637019
1110 -7.59223 -0.158704 -0.0611306
1108 -7.60441 -0.168943 0.017033
1121 -6.87958 -0.0340481 -0.6977
1122 -6.85022 -0.0369974 -0.712273
1123 -6.8364 -0.0422488 -0.720293
1124 -6.82438 -0.0356191 -0.719184
1125 -6.81585 -0.0294164 -0.717006
1126 -6.81229 -0.0322126 -0.721459
1127 -6.79864 -0.0330354 -0.728221
1128 -6.7822 -0.0461409 -0.748383
1129 -6.75902 -0.0696288 -0.764623
1130 -6.75642 -0.0944895 -0.774141
1131 -6.74285 -0.098265 -0.786366
235 -5.60724 -0.522646 5.32229
233 -5.50485 -0.500338 5.21592
241 -5.81188 -0.58831 5.57705
237 -5.70857 -0.547942 5.43979
239 -5.80583 -0.550283 5.49752
240 -5.82375 -0.568214 5.53959
242 -5.8014 -0.612321 5.62919
246 -5.77896 -0.709643 5.89466
231 -5.49192 -0.461136 5.13381
106 -2.22052 -0.178406 1.92141
96 -2.1067 -0.17597 1.85072
114 -2.46336 -0.213192 2.07647
109 -2.25921 -0.206485 1.97965
103 -2.20368 -0.181685 1.89675
169 -3.05012 -0.282005 2.73441
104 -2.21279 -0.180825 1.90329
167 -3.03473 -0.291214 2.72889
22 -0.206106 -0.0664722 0.154824
190 -3.57088 -0.230809 3.10421
192 -3.69559 -0.262487 3.28869
193 -3.76793 -0.252159 3.35462
64 -1.06229 -0.28715 1.2529
86 -1.65691 -0.203958 1.67712
87 -1.66518 -0.203557 1.68396
94 -2.05004 -0.169368 1.8267
15 -0.358817 0.0787897 0.229381
88 -1.71693 -0.196182 1.73095
20 -0.248736 -0.0315389 0.188984
18 -0.296735 -0.000529425 0.207542
19 -0.273503 -0.0219325 0.198743
77 -1.58296 -0.210812 1.6121
93 -2.02416 -0.176764 1.82158
195 -3.96231 -0.24831 3.48593
194 -3.87103 -0.260854 3.41781
186 -3.45082 -0.233051 2.95704
102 -2.19892 -0.176871 1.89117
82 -1.62119 -0.216603 1.64677
170 -3.05904 -0.271145 2.74775
108 -2.23094 -0.180029 1.9324
74 -1.50003 -0.209847 1.53947
185 -3.42327 -0.236233 2.9296
100 -2.18368 -0.173155 1.88106
221 -5.12419 -0.484495 4.51329
183 -3.38186 -0.238393 2.90762
80 -1.60642 -0.214207 1.6323
70 -1.37099 -0.228366 1.42542
181 -3.31451 -0.247925 2.88967
174 -3.10101 -0.251517 2.78291
223 -5.10075 -0.473842 4.58599
215 -5.05825 -0.354039 4.24561
180 -3.2832 -0.247159 2.87455
73 -1.4792 -0.21506 1.52854
79 -1.59905 -0.21385 1.62377
198 -4.17881 -0.208683 3.7606
71 -1.40383 -0.222144 1.45535
101 -2.19129 -0.176437 1.88854
105 -2.21592 -0.17349 1.90715
187 -3.50938 -0.233306 3.00815
173 -3.09211 -0.24855 2.76493
219 -5.17396 -0.491577 4.40284
172 -3.08463 -0.250232 2.75992
218 -5.16825 -0.421999 4.37212
84 -1.63702 -0.208938 1.6583
197 -4.08016 -0.216807 3.66039
90 -1.88309 -0.180902 1.80237
89 -1.80773 -0.18512 1.78172
176 -3.14016 -0.264587 2.80824
68 -1.27492 -0.25596 1.37711
23 -0.185784 -0.0923863 0.137478
17 -0.317406 0.0289393 0.211619
27 -0.125268 -0.170901 0.0177573
26 -0.142026 -0.159458 0.0366425
107 -2.22784 -0.186267 1.93157
81 -1.61651 -0.212242 1.63728
67 -1.21446 -0.252748 1.34061
75 -1.54951 -0.2123 1.57739
72 -1.44258 -0.21545 1.48834
78 -1.58843 -0.212488 1.61907
188 -3.52701 -0.234672 3.02449
85 -1.65433 -0.209371 1.67214
95 -2.07245 -0.173304 1.83774
184 -3.39631 -0.236901 2.91841
222 -5.12326 -0.509575 4.53477
182 -3.34702 -0.243626 2.90227
83 -1.62912 -0.213333 1.65411
69 -1.32945 -0.235723 1.39854
122 -2.75841 -0.320457 2.24418
158 -3.00595 -0.29673 2.69327
153 -2.99697 -0.298356 2.67322
123 -2.75293 -0.349476 2.31516
160 -3.00631 -0.284953 2.69298
129 -2.89873 -0.303107 2.52671
121 -2.73075 -0.300082 2.27462
119 -2.69175 -0.249039 2.24389
14 -0.381167 0.0882943 0.238656
21 -0.233812 -0.0549925 0.173974
92 -1.98111 -0.178743 1.81332
76 -1.5664 -0.212075 1.5952
28 -0.111515 -0.191289 -0.0230138
29 -0.106727 -0.192153 -0.0337422
32 -0.124415 -0.197238 -0.033135
34 -0.208254 -0.283779 0.119124
36 -0.28469 -0.252991 0.240893
35 -0.264274 -0.278985 0.173444
33 -0.173425 -0.280302 0.0915067
13 -0.376031 0.0626301 0.190349
11 -0.370669 0.045441 0.0940888
16 -0.34342 0.0520549 0.217042
191 -3.6286 -0.253854 3.1978
200 -4.46887 -0.197842 3.90627
31 -0.118049 -0.204881 -0.0599384
12 -0.435211 0.0621457 0.150129
37 -0.301224 -0.24474 0.276832
39 -0.292623 -0.26073 0.344826
45 -0.431402 -0.233911 0.611931
40 -0.30425 -0.23951 0.432735
41 -0.300094 -0.243686 0.471988
42 -0.317118 -0.246525 0.515731
43 -0.347588 -0.241734 0.551646
51 -0.729491 -0.247801 0.801321
48 -0.597506 -0.241583 0.706945
47 -0.530074 -0.248481 0.664867
49 -0.648682 -0.253039 0.747694
52 -0.746818 -0.264872 0.8348
53 -0.771085 -0.266193 0.863265
54 -0.790658 -0.274423 0.896536
55 -0.812625 -0.288859 0.951013
7 0.00734626 -0.064525 -0.0140446
2 -0.0222215 -6.36153e-05 0.0349115
4 -0.0228311 -0.0234786 0.0416602
1 0.00110335 -0.00145291 0.000164847
199 -4.3483 -0.200603 3.84784
6 -0.0142295 -0.0639917 0.00403191
226 -5.25171 -0.499191 4.70664
3 -0.0327011 -0.00952011 0.0535506
201 -4.55286 -0.203236 3.9577
216 -5.12532 -0.371209 4.27993
196 -4.02002 -0.22452 3.58822
225 -5.20963 -0.48787 4.66166
224 -5.20086 -0.516216 4.61424
208 -4.69298 -0.235611 4.06779
206 -4.68342 -0.231011 4.04766
63 -1.02967 -0.303174 1.22792
58 -0.858201 -0.348805 1.07348
9 -0.196224 0.0013703 0.0236735
62 -0.981444 -0.327395 1.20154
59 -0.876984 -0.333195 1.09838
5 -0.00810548 -0.0446084 0.0189578
56 -0.838493 -0.301003 0.994214
10 -0.303896 0.0641304 0.0922391
57 -0.854571 -0.332023 1.03519
61 -0.929161 -0.337817 1.16445
217 -5.14273 -0.37035 4.33216
220 -5.14422 -0.460248 4.44365
247 -5.80667 -0.739658 6.05755
249 -5.5736 -0.783836 6.3507
250 -5.53916 -0.773714 6.38792
251 -5.52905 -0.770296 6.40001
258 -5.46781 -0.762415 6.47156
260 -5.45719 -0.767573 6.47799
262 -5.44821 -0.767601 6.50782
264 -5.43239 -0.768178 6.53874
265 -5.42399 -0.767627 6.54261
266 -5.42559 -0.754201 6.55443
267 -5.41454 -0.762277 6.56232
268 -5.41457 -0.748034 6.58194
269 -5.39401 -0.762584 6.59052
270 -5.38403 -0.759366 6.60865
271 -5.35249 -0.764851 6.62875
272 -5.28492 -0.781594 6.66125
273 -5.2654 -0.78931 6.66819
274 -5.24182 -0.805267 6.67799
276 -5.2078 -0.823545 6.69634
277 -5.19026 -0.837963 6.6986
278 -5.16717 -0.850885 6.70522
281 -5.14832 -0.85923 6.72004
285 -5.11811 -0.876026 6.73329
286 -5.11467 -0.875959 6.74056
287 -5.11244 -0.880625 6.74517
292 -5.08091 -0.899763 6.7813
293 -5.07766 -0.901358 6.79008
294 -5.07836 -0.906588 6.79756
295 -5.07249 -0.91364 6.8013
296 -5.06715 -0.927744 6.83203
297 -5.05514 -0.93505 6.84832
298 -5.05056 -0.94173 6.859
299 -5.05627 -0.94864 6.87561
300 -5.05941 -0.953743 6.8827
301 -5.05449 -0.948498 6.8945
303 -5.04347 -0.961973 6.91706
305 -5.01923 -1.01239 7.05301
306 -4.99214 -1.03735 7.10978
308 -5.04089 -1.1108 7.29902
309 -5.08062 -1.13022 7.34719
311 -5.12028 -1.18682 7.40806
312 -5.11642 -1.19473 7.41287
313 -5.13168 -1.1952 7.42493
314 -5.13056 -1.21921 7.42933
315 -5.14174 -1.20409 7.43743
317 -5.13569 -1.2335 7.44981
318 -5.14132 -1.2341 7.45028
319 -5.14156 -1.24939 7.45717
321 -5.16527 -1.278 7.48241
322 -5.17229 -1.27881 7.48632
324 -5.17964 -1.29487 7.49537
325 -5.17978 -1.29957 7.49842
326 -5.18203 -1.30547 7.50027
328 -5.1841 -1.31865 7.51029
331 -5.20598 -1.34025 7.51887
332 -5.20617 -1.35113 7.52307
333 -5.20598 -1.3608 7.5262
336 -5.21511 -1.37408 7.53581
337 -5.21984 -1.37559 7.54287
339 -5.22289 -1.39363 7.54839
343 -5.22892 -1.41672 7.56935
344 -5.23905 -1.41176 7.57366
346 -5.24972 -1.42813 7.58767
349 -5.24846 -1.46164 7.60359
350 -5.23827 -1.4698 7.60445
352 -5.23467 -1.48425 7.61277
353 -5.24424 -1.49309 7.61427
355 -5.24903 -1.49476 7.63347
365 -5.26425 -1.55603 7.68097
368 -5.25884 -1.57366 7.68921
371 -5.27574 -1.57966 7.70333
375 -5.2932 -1.60722 7.71666
378 -5.31721 -1.61758 7.74172
383 -5.34343 -1.63788 7.75924
385 -5.35768 -1.64797 7.77456
386 -5.37956 -1.65158 7.78287
388 -5.40465 -1.65647 7.79205
389 -5.42355 -1.65981 7.79762
391 -5.44833 -1.6547 7.8123
392 -5.46649 -1.651 7.81815
393 -5.47138 -1.65504 7.8233
394 -5.49361 -1.65104 7.82959
395 -5.50114 -1.66081 7.83924
396 -5.51471 -1.66538 7.84743
398 -5.54258 -1.65848 7.85852
401 -5.57095 -1.6591 7.88648
408 -5.64136 -1.68164 7.97122
409 -5.6665 -1.68515 7.9764
410 -5.65723 -1.69319 7.99839
411 -5.65911 -1.69215 8.01759
412 -5.67247 -1.69972 8.03
413 -5.67749 -1.70316 8.03857
415 -5.67765 -1.69996 8.08075
416 -5.67884 -1.7019 8.08829
418 -5.69595 -1.70571 8.10812
420 -5.76114 -1.69924 8.15483
421 -5.76552 -1.70364 8.1734
422 -5.82828 -1.69457 8.26765
423 -5.90658 -1.72187 8.34873
424 -5.9954 -1.70665 8.38969
425 -6.11645 -1.6695 8.51082
426 -6.17039 -1.66985 8.60176
427 -6.2326 -1.60772 8.70255
428 -6.29919 -1.63998 8.77121
429 -6.32844 -1.61437 8.82292
430 -6.39466 -1.65285 8.87322
437 -6.52829 -1.67452 9.26593
438 -6.53578 -1.68148 9.28047
439 -6.56058 -1.67099 9.31083
441 -6.58713 -1.66736 9.33783
444 -6.58293 -1.68805 9.3702
456 -6.6585 -1.69497 9.51252
458 -6.63383 -1.68779 9.5219
460 -6.65891 -1.71 9.53828
462 -6.66298 -1.70291 9.5608
464 -6.64756 -1.71725 9.56123
465 -6.65653 -1.72362 9.57319
466 -6.70659 -1.75014 9.59723
467 -6.67095 -1.73166 9.59486
468 -6.66446 -1.71963 9.60313
469 -6.69243 -1.74189 9.62432
470 -6.65937 -1.72193 9.62031
471 -6.6805 -1.75862 9.6481
472 -6.68029 -1.7803 9.67904
473 -6.63108 -1.77591 9.75783
474 -6.59509 -1.78648 9.79266
475 -6.58497 -1.79481 9.83027
476 -6.5323 -1.80026 9.88449
477 -6.50248 -1.84215 9.94643
478 -6.45956 -1.90306 9.9727
479 -6.38684 -1.98343 10.1022
481 -6.29163 -2.19554 10.334
485 -6.30223 -2.16265 10.4429
492 -6.28655 -2.1364 10.4653
493 -6.28817 -2.13387 10.4672
494 -6.29412 -2.12788 10.469
503 -6.2877 -2.08736 10.4884
507 -6.29147 -2.06257 10.4941
508 -6.28535 -2.0593 10.4985
509 -6.28948 -2.04929 10.5026
510 -6.27872 -2.04869 10.5072
511 -6.28394 -2.05127 10.5104
512 -6.27252 -2.04544 10.5403
513 -6.27503 -2.04548 10.5479
514 -6.28024 -2.05534 10.5555
515 -6.28131 -2.05547 10.5664
516 -6.27948 -2.05646 10.5689
517 -6.28272 -2.06145 10.5751
518 -6.26792 -2.06234 10.5796
519 -6.27635 -2.07391 10.5802
520 -6.29198 -2.07471 10.5832
521 -6.29735 -2.07798 10.5877
522 -6.29427 -2.08105 10.5883
523 -6.2935 -2.08445 10.591
524 -6.29289 -2.08896 10.5914
525 -6.28724 -2.09435 10.5942
526 -6.29004 -2.09758 10.5948
527 -6.30177 -2.1051 10.5948
528 -6.30629 -2.10955 10.5961
529 -6.33023 -2.13658 10.5961
530 -6.35287 -2.14816 10.6
531 -6.44055 -2.28172 10.3863
532 -6.5111 -2.23538 10.4045
533 -6.56755 -2.24429 10.3771
535 -6.52222 -2.18265 10.3646
538 -6.51432 -2.07995 10.586
539 -6.51369 -2.06489 10.5959
540 -6.52326 -2.065 10.6149
543 -6.50579 -2.07573 10.6404
544 -6.51118 -2.05963 10.6544
545 -6.50894 -2.0588 10.6639
546 -6.535 -2.06925 10.6997
547 -6.49227 -2.05867 10.7261
548 -6.40395 -2.02171 10.7949
549 -6.27251 -2.03033 10.8599
550 -6.1392 -2.0819 11.0887
551 -6.00652 -2.10593 11.266
552 -5.9427 -2.16745 11.3286
553 -5.90384 -2.27118 11.393
554 -5.91334 -2.33863 11.4667
555 -5.93449 -2.42251 11.5236
556 -5.91912 -2.49458 11.5756
557 -5.89955 -2.49717 11.6221
558 -5.88329 -2.50278 11.6275
563 -5.86558 -2.52902 11.6756
566 -5.85367 -2.53647 11.6957
567 -5.85479 -2.54182 11.705
568 -5.84348 -2.53784 11.7063
572 -5.833 -2.55767 11.7453
582 -5.76119 -2.55702 11.8375
583 -5.75339 -2.5572 11.8411
584 -5.74962 -2.56026 11.8459
586 -5.76708 -2.57246 11.873
587 -5.77903 -2.56797 11.8852
588 -5.7613 -2.54822 11.8881
589 -5.75838 -2.5079 11.8943
590 -5.8016 -2.4498 11.894
591 -5.86788 -2.39533 11.8639
592 -5.95629 -2.33055 11.8272
593 -6.10883 -2.26656 11.7698
594 -6.3197 -2.25812 11.6237
595 -6.34886 -2.26424 11.4935
596 -6.38978 -2.25904 11.3601
597 -6.4316 -2.26225 11.2394
598 -6.49279 -2.24694 11.186
599 -6.50606 -2.24874 11.1419
600 -6.58617 -2.25539 11.0788
601 -6.60674 -2.2648 11.0334
602 -6.5945 -2.27354 10.9782
603 -6.68171 -2.29401 10.955
604 -6.71345 -2.30606 10.9384
605 -6.69282 -2.30194 10.871
606 -6.69884 -2.31304 10.7984
607 -6.7415 -2.31387 10.6767
608 -6.78657 -2.29814 10.5621
609 -6.8113 -2.27618 10.5111
610 -6.88247 -2.2953 10.4201
611 -6.91071 -2.30548 10.373
612 -6.93881 -2.30512 10.2735
613 -6.96532 -2.30902 10.2267
614 -6.98576 -2.29916 10.1941
616 -7.02781 -2.27172 10.1078
617 -7.0321 -2.24937 10.0879
618 -7.03498 -2.23327 10.0275
630 -7.17989 -2.12069 9.74308
631 -7.18895 -2.10548 9.73022
632 -7.19731 -2.09809 9.72059
633 -7.22059 -2.10632 9.70866
635 -7.25037 -2.08724 9.66689
636 -7.28324 -2.05109 9.62814
637 -7.30308 -2.04899 9.61943
638 -7.3214 -2.0359 9.58725
639 -7.33779 -2.02835 9.56287
640 -7.3512 -2.02916 9.53716
641 -7.37265 -2.00169 9.5116
642 -7.37386 -1.99849 9.49541
643 -7.40985 -1.96668 9.45356
644 -7.41404 -1.89266 9.39174
645 -7.46073 -1.8555 9.29523
646 -7.53343 -1.78748 9.20222
647 -7.59465 -1.78116 9.08686
648 -7.64676 -1.70955 9.04878
649 -7.72262 -1.68608 8.90442
650 -7.75437 -1.65784 8.82547
651 -7.7887 -1.64478 8.75391
652 -7.8086 -1.6532 8.69975
653 -7.80558 -1.65807 8.6692
654 -7.80735 -1.66867 8.65333
655 -7.80473 -1.66452 8.63675
656 -7.79295 -1.65482 8.58935
657 -7.77846 -1.64757 8.57138
658 -7.78644 -1.64668 8.57911
659 -7.80189 -1.67247 8.57169
660 -7.79808 -1.65391 8.56632
661 -7.79037 -1.65648 8.53981
662 -7.7889 -1.6345 8.55555
663 -7.77508 -1.62968 8.53115
664 -7.79926 -1.63912 8.52154
665 -7.81726 -1.64266 8.53309
666 -7.79879 -1.61056 8.536
667 -7.79475 -1.6115 8.52036
668 -7.8177 -1.64346 8.51573
669 -7.80459 -1.62892 8.49799
670 -7.79439 -1.60931 8.48377
671 -7.81753 -1.64458 8.46495
672 -7.82074 -1.6258 8.48381
673 -7.79805 -1.61638 8.45183
674 -7.82647 -1.6368 8.45173
675 -7.81099 -1.62413 8.43821
676 -7.8184 -1.59894 8.4472
677 -7.8406 -1.62393 8.436
678 -7.82306 -1.59782 8.42412
679 -7.82655 -1.60288 8.40812
680 -7.85508 -1.5868 8.39632
681 -7.85181 -1.59176 8.39467
682 -7.87008 -1.60615 8.38996
683 -7.8783 -1.58786 8.3852
684 -7.87902 -1.57143 8.38525
685 -7.93349 -1.60758 8.40097
686 -7.92054 -1.59068 8.3839
687 -7.90492 -1.57291 8.36644
688 -7.93173 -1.59225 8.37384
689 -7.95014 -1.58846 8.38052
690 -7.94139 -1.55455 8.38436
691 -7.97952 -1.57046 8.41256
692 -7.9651 -1.55831 8.39681
693 -7.96555 -1.56111 8.36724
694 -7.97022 -1.55804 8.35783
695 -7.98941 -1.56785 8.36777
696 -7.98321 -1.56357 8.35949
697 -7.9879 -1.5631 8.35603
698 -8.00266 -1.54881 8.36957
699 -8.01569 -1.5686 8.36303
700 -8.01471 -1.55748 8.35153
701 -8.04488 -1.55256 8.37429
702 -8.05564 -1.57544 8.36694
703 -8.05064 -1.55265 8.35171
704 -8.05782 -1.58593 8.34307
705 -8.06077 -1.57265 8.33594
706 -8.05311 -1.57288 8.31968
707 -8.05988 -1.5731 8.31097
708 -8.08153 -1.58524 8.31703
709 -8.07986 -1.57936 8.30333
710 -8.08064 -1.56225 8.29204
711 -8.08957 -1.56178 8.28088
712 -8.0988 -1.57855 8.27721
713 -8.11716 -1.58133 8.27451
714 -8.13118 -1.5866 8.27359
715 -8.12193 -1.57991 8.25063
716 -8.13048 -1.58289 8.24283
717 -8.12774 -1.57818 8.22802
718 -8.13214 -1.57702 8.2127
719 -8.14101 -1.57421 8.20448
720 -8.14326 -1.56228 8.19055
721 -8.15623 -1.57526 8.17821
722 -8.15618 -1.58711 8.16971
723 -8.15296 -1.57203 8.15264
724 -8.16061 -1.58676 8.1467
725 -8.16449 -1.58981 8.13599
726 -8.15495 -1.57565 8.1174
727 -8.1633 -1.57959 8.10849
728 -8.16846 -1.59045 8.1019
729 -8.18533 -1.59898 8.10032
730 -8.18094 -1.58353 8.08626
731 -8.18305 -1.58965 8.07872
732 -8.18528 -1.58854 8.06934
733 -8.1842 -1.58709 8.06159
734 -8.18688 -1.57716 8.0505
737 -8.35139 -1.57599 7.88351
738 -8.39652 -1.54815 7.81174
739 -8.43629 -1.541 7.73078
741 -8.46317 -1.48016 7.62535
742 -8.46705 -1.47332 7.59415
743 -8.47212 -1.46318 7.5729
744 -8.48586 -1.46123 7.57098
745 -8.49707 -1.46841 7.56981
747 -8.4989 -1.45154 7.5486
748 -8.4962 -1.45369 7.53932
749 -8.49192 -1.42987 7.52544
750 -8.51109 -1.43467 7.52638
751 -8.51813 -1.43731 7.52533
752 -8.52825 -1.43248 7.5182
753 -8.53163 -1.4159 7.51166
754 -8.52957 -1.43265 7.50437
755 -8.52842 -1.40188 7.49107
756 -8.53898 -1.41019 7.48842
758 -8.56921 -1.41186 7.48852
759 -8.59141 -1.43156 7.48428
760 -8.57853 -1.42024 7.47216
761 -8.5707 -1.39553 7.45497
762 -8.58082 -1.38229 7.4467
763 -8.60297 -1.41194 7.45113
764 -8.60289 -1.36664 7.43794
765 -8.61349 -1.36537 7.43519
766 -8.64648 -1.40874 7.44674
767 -8.62917 -1.39249 7.42778
768 -8.62953 -1.3787 7.41287
769 -8.63073 -1.35077 7.3997
770 -8.64901 -1.37188 7.40503
771 -8.64848 -1.34126 7.39279
772 -8.67097 -1.35248 7.39715
773 -8.68964 -1.3891 7.40025
774 -8.68582 -1.38703 7.38709
775 -8.67775 -1.3524 7.37081
776 -8.69722 -1.39436 7.38037
777 -8.68966 -1.37699 7.35987
779 -8.70419 -1.33868 7.34599
780 -8.69879 -1.34057 7.33388
781 -8.69308 -1.33088 7.31956
782 -8.70917 -1.31399 7.31166
783 -8.71442 -1.35096 7.30888
784 -8.71026 -1.31271 7.29528
785 -8.69369 -1.29604 7.27535
786 -8.70773 -1.32702 7.26548
787 -8.72041 -1.32654 7.25886
788 -8.69577 -1.29898 7.23182
789 -8.67789 -1.3358 7.20028
790 -8.69383 -1.38631 7.1902
791 -8.69065 -1.33852 7.17776
792 -8.69881 -1.31883 7.17795
793 -8.70473 -1.32022 7.16288
794 -8.69436 -1.2896 7.15012
795 -8.70875 -1.29762 7.14979
797 -8.7222 -1.2858 7.13296
798 -8.70169 -1.2818 7.10594
799 -8.71831 -1.3059 7.09702
800 -8.72195 -1.29269 7.0963
801 -8.69735 -1.26109 7.07302
802 -8.71964 -1.28507 7.06764
803 -8.70812 -1.25579 7.05242
804 -8.70555 -1.25033 7.04343
805 -8.72766 -1.26374 7.04313
806 -8.72755 -1.25642 7.03316
807 -8.71806 -1.23877 7.01787
808 -8.71777 -1.23752 7.00526
809 -8.73205 -1.24069 6.99992
810 -8.73078 -1.23239 6.99056
811 -8.72985 -1.20908 6.9849
812 -8.73726 -1.22815 6.97354
813 -8.73539 -1.2207 6.95904
814 -8.73844 -1.21232 6.95758
815 -8.75056 -1.20878 6.94242
816 -8.77117 -1.19665 6.9123
817 -8.79721 -1.18436 6.86993
819 -8.87079 -1.15298 6.81926
820 -8.87927 -1.14823 6.79391
821 -8.90663 -1.15014 6.77051
822 -8.90632 -1.13986 6.74245
823 -8.92177 -1.13543 6.69831
825 -8.95274 -1.11794 6.59697
826 -8.95939 -1.12387 6.56332
827 -8.9714 -1.13968 6.53083
828 -8.96906 -1.13325 6.52404
829 -8.96895 -1.14391 6.50723
830 -8.96514 -1.13167 6.49476
831 -8.96363 -1.13078 6.49311
832 -8.96774 -1.13212 6.48682
833 -8.97616 -1.14351 6.48472
834 -8.96938 -1.13059 6.47508
835 -8.97668 -1.1465 6.47128
836 -8.98072 -1.15501 6.4658
837 -8.97171 -1.14337 6.45622
838 -8.95993 -1.14484 6.45078
839 -8.96503 -1.15157 6.43783
840 -8.96265 -1.15226 6.43448
841 -8.95771 -1.14815 6.43364
842 -8.96535 -1.14272 6.42992
843 -8.97738 -1.16287 6.4214
844 -9.03033 -1.20586 6.34482
845 -9.11659 -1.22897 6.28708
846 -9.23291 -1.22881 6.20234
847 -9.19116 -1.21988 6.00941
848 -9.29466 -1.21195 5.86616
849 -9.33555 -1.09665 5.71672
851 -9.46806 -1.0473 5.61166
852 -9.47902 -1.04318 5.60634
853 -9.47684 -1.03138 5.58728
854 -9.48146 -1.02609 5.57103
855 -9.49422 -1.03588 5.567
856 -9.48348 -1.01182 5.55442
857 -9.48053 -1.00961 5.54281
858 -9.49132 -1.01212 5.54072
859 -9.48893 -1.00471 5.53315
860 -9.49486 -0.993732 5.52933
861 -9.48539 -0.96093 5.51633
862 -9.50912 -0.978623 5.52201
863 -9.49127 -0.976405 5.50469
864 -9.5071 -0.988345 5.50489
865 -9.51612 -0.989983 5.50137
866 -9.50129 -0.978825 5.48616
867 -9.50322 -0.988656 5.47663
868 -9.5157 -0.990886 5.4768
869 -9.51422 -0.96574 5.47066
870 -9.51808 -0.984007 5.46455
871 -9.52116 -0.969887 5.45917
872 -9.51496 -0.973724 5.44204
873 -9.52216 -0.994689 5.43273
874 -9.52364 -0.983919 5.42688
875 -9.52707 -0.975914 5.4211
876 -9.54069 -0.984647 5.4175
877 -9.53748 -0.976976 5.40273
878 -9.55334 -0.977195 5.40204
879 -9.5641 -0.961749 5.39986
880 -9.56873 -0.961429 5.39451
881 -9.56951 -0.954419 5.38023
882 -9.57015 -0.938774 5.37119
883 -9.58543 -0.933707 5.36826
884 -9.59865 -0.944636 5.36176
885 -9.59216 -0.939442 5.34445
886 -9.60271 -0.93784 5.33701
887 -9.62084 -0.93998 5.33488
888 -9.60969 -0.918667 5.32457
889 -9.61785 -0.925767 5.31386
890 -9.63736 -0.925015 5.31329
891 -9.62848 -0.904641 5.30324
892 -9.63428 -0.900281 5.29798
893 -9.64471 -0.914131 5.28396
894 -9.64602 -0.895072 5.28213
895 -9.66919 -0.901414 5.26419
896 -9.65956 -0.881639 5.25515
897 -9.68183 -0.859891 5.23352
898 -9.69898 -0.84977 5.21583
899 -9.71464 -0.836516 5.1966
900 -9.72727 -0.828708 5.16709
901 -9.76837 -0.765015 5.03589
902 -9.82415 -0.657778 4.90215
903 -10.0306 -0.67967 4.60955
904 -10.0572 -0.684061 4.42755
905 -10.0811 -0.719621 4.34856
906 -10.0746 -0.704275 4.31186
907 -10.0699 -0.710647 4.28394
908 -10.0727 -0.721106 4.25101
909 -10.0703 -0.714558 4.23279
910 -10.0777 -0.725047 4.22348
911 -10.0723 -0.716674 4.21017
912 -10.0749 -0.712202 4.20308
913 -10.0779 -0.720528 4.18973
914 -10.0719 -0.719156 4.17668
915 -10.0699 -0.716124 4.16496
916 -10.0808 -0.71189 4.15958
917 -10.0748 -0.712771 4.14552
918 -10.0819 -0.709307 4.13423
919 -10.0815 -0.703346 4.12356
920 -10.0813 -0.718371 4.11011
921 -10.1017 -0.721016 4.10335
922 -10.0848 -0.707965 4.08627
923 -10.1089 -0.718229 4.08196
924 -10.0912 -0.714398 4.06453
925 -10.0804 -0.715186 4.04757
926 -10.0995 -0.710189 4.04785
927 -10.1131 -0.711615 4.04068
928 -10.1057 -0.708453 4.02751
929 -10.1171 -0.715904 4.01977
930 -10.1102 -0.721426 4.00266
931 -10.0932 -0.725258 3.9865
932 -10.1122 -0.729741 3.97311
933 -10.1069 -0.724162 3.96353
934 -10.0944 -0.730455 3.93526
948 -10.1243 -0.590619 3.58209
949 -10.122 -0.574751 3.57587
950 -10.1257 -0.566793 3.56839
951 -10.1298 -0.558609 3.54853
953 -10.1431 -0.557748 3.53222
955 -10.1571 -0.524899 3.47635
957 -10.1694 -0.503202 3.43115
958 -10.1783 -0.494071 3.4133
959 -10.1996 -0.488108 3.38385
960 -10.2208 -0.463305 3.32799
961 -10.2501 -0.443122 3.2683
962 -10.2655 -0.424082 3.20433
963 -10.2552 -0.430117 3.05135
964 -10.2487 -0.414017 3.00191
965 -10.2549 -0.415427 2.95784
966 -10.2659 -0.424006 2.93772
967 -10.2602 -0.418452 2.90152
968 -10.2695 -0.41775 2.8827
969 -10.2699 -0.412476 2.85092
970 -10.283 -0.425083 2.83518
971 -10.2879 -0.429822 2.81294
972 -10.2902 -0.435841 2.79218
973 -10.304 -0.449496 2.77806
974 -10.3018 -0.449473 2.76502
975 -10.3059 -0.455283 2.75694
976 -10.3084 -0.461738 2.74491
977 -10.3075 -0.464323 2.73631
980 -10.196 -0.490116 2.3694
981 -10.137 -0.47951 2.04477
989 -10.0018 -0.269869 1.73393
992 -9.96674 -0.220638 1.65458
993 -9.92334 -0.196903 1.58864
994 -9.87347 -0.220649 1.52584
995 -9.84797 -0.243283 1.48174
996 -9.83618 -0.266359 1.45682
997 -9.83376 -0.269778 1.45787
998 -9.83051 -0.278456 1.45284
999 -9.82941 -0.282412 1.45248
1000 -9.82804 -0.276181 1.45942
1001 -9.82309 -0.282305 1.45681
1002 -9.82213 -0.297639 1.44315
1003 -9.81836 -0.291198 1.4433
1004 -9.81393 -0.289324 1.44663
1005 -9.81336 -0.29653 1.43823
1007 -9.7931 -0.366429 1.43065
1008 -9.78835 -0.358659 1.42994
1009 -9.78458 -0.387177 1.42617
1010 -9.76167 -0.399912 1.398
1011 -9.76776 -0.409657 1.41848
1012 -9.75653 -0.395013 1.43664
1013 -9.74081 -0.408861 1.4406
1014 -9.7067 -0.407324 1.43795
1015 -9.70008 -0.426491 1.43898
1016 -9.66117 -0.416526 1.44819
1017 -9.62283 -0.447246 1.45645
1018 -9.58159 -0.441684 1.46433
1019 -9.56534 -0.40325 1.46913
1020 -9.55753 -0.397555 1.46688
1021 -9.54076 -0.37518 1.48241
1032 -9.45832 -0.291318 1.59124
1035 -9.4451 -0.278688 1.60876
1041 -9.42608 -0.279993 1.62006
1043 -9.425 -0.264402 1.64331
1044 -9.42181 -0.259645 1.65043
1045 -9.4178 -0.259097 1.6469
1046 -9.4086 -0.281165 1.64672
1047 -9.40444 -0.270479 1.65938
1048 -9.40383 -0.276582 1.66329
1049 -9.40549 -0.264743 1.66496
1052 -9.43991 -0.245389 1.67165
1053 -9.49622 -0.21414 1.71886
1054 -9.47894 -0.201156 1.76404
1055 -9.39714 -0.202614 1.87305
1056 -9.29165 -0.180288 1.89761
1057 -9.15248 -0.209347 1.929
1058 -9.02938 -0.273661 1.90903
1059 -9.00261 -0.296582 1.90152
1060 -8.99768 -0.305732 1.89757
1061 -8.99436 -0.314671 1.89377
1062 -8.98661 -0.317763 1.8926
1063 -8.98236 -0.321729 1.88274
1064 -8.97718 -0.327049 1.87542
1079 -8.73014 -0.289749 1.51148
1080 -8.7231 -0.28894 1.50062
1081 -8.71902 -0.284727 1.48866
1082 -8.72161 -0.284178 1.47352
1084 -8.71047 -0.261069 1.42747
1085 -8.70966 -0.246578 1.42869
1086 -8.68971 -0.157583 1.27502
1087 -8.54852 -0.09003 1.06403
1088 -8.53931 -0.100945 0.974989
1089 -8.54384 -0.106097 0.951726
1090 -8.54886 -0.103889 0.916551
1091 -8.55432 -0.101804 0.904382
1092 -8.57589 -0.104379 0.882575
1094 -8.59083 -0.126769 0.864033
1095 -8.60266 -0.131739 0.836489
1096 -8.61738 -0.141259 0.785909
1097 -8.60655 -0.187114 0.691893
1098 -8.59228 -0.210032 0.655111
1099 -8.50331 -0.209563 0.642604
1101 -8.33285 -0.201045 0.631296
1102 -8.15993 -0.172389 0.552635
1103 -8.04661 -0.17827 0.462762
1104 -7.99139 -0.175333 0.407608
1105 -7.89539 -0.194276 0.27876
1106 -7.80036 -0.182567 0.187125
1112 -7.5509 -0.155935 -0.208334
1113 -7.5165 -0.133065 -0.235737
1114 -7.49302 -0.119837 -0.249352
1115 -7.3876 -0.125898 -0.314031
1117 -7.14196 -0.0613775 -0.543568
